1.5
1.34894
0.613922
1.53791
1.60225
1.55666
2.12591
2.12591
1.86101
1.98939
2.50139
2.70227
2.70227
1.67102
1.92786
1.92786
2.74428
2.74428
2.74428
2.74428
1.59779
1.33108
1.02643
1.02643
1.02643
1.56813
1.41468
1.41468
1.41468
1.41468
1.58094
1.09955
1.10533
1.79504
1.79504
1.72281
1.75579
1.75579
2.29904
1.3108
2.35207
2.54333
2.54333
2.54333
1.78788
1.78788
1.78788
1.28133
2.53706
2.29321
1.38209
1.38209
1.38209
1.38209
1.06712
1.06712
0.817926
1.00096
1.58542
1.75345
1.75345
1.75345
2.37468
2.37468
3.04465
2.72552
2.37407
2.37407
2.40177
2.40177
1.05728
1.95371
1.95371
0.910035
1.17639
1.59588
1.59588
1.56227
1.01411
1.29449
1.84929
2.18377
2.5699
1.42919
1.38692
1.14324
0.489733
0.353176
0.86354
0.86354
0.86354
0.86354
1.1136
1.1136
1.07602
1.07602
1.15746
1.31562
1.31562
1.7681
2.21962
2.21962
2.14729
2.14729
2.14729
2.25283
1.39008
1.39008
1.6125
1.6125
1.6125
1.6125
1.6125
0.851261
0.851261
1.08697
1.08697
1.15431
1.15431
0.52096
0.52096
0.52096
0.52096
1.05487
0.80497
1.81581
1.25694
1.25694
1.25694
1.27284
1.27284
1.24235
1.24052
1.91919
2.13276
2.13276
2.90928
3.26634
2.72847
2.09781
1.46653
1.45951
1.45951
1.45951
1.45951
1.45951
1.45951
1.45951
1.45951
1.32527
1.12418
0.635464
0.635464
1.30241
1.30241
1.30241
1.30241
1.10994
0.720634
0.826805
0.826805
0.639684
0.639684
0.639684
0.639684
0.871432
0.871432
0.871432
0.871432
0.871432
0.871432
0.871432
0.871432
1.14271
1.27231
1.27231
0.698912
0.519679
0.577111
0.577111
0.771309
0.771309
0.771309
0.771309
0.604832
0.604832
0.604832
0.604832
0.604832
0.604832
0.604832
1.39391
1.24235
1.0502
1.0502
1.41533
1.41533
1.77736
1.8551
1.8551
1.8551
2.13332
2.13332
1.97591
2.03088
1.43926
1.43926
1.43926
1.27863
1.33702
0.980731
1.29773
1.29773
2.17249
1.83844
1.10648
1.10648
1.10648
1.10648
1.10648
1.12058
1.29029
2.16924
2.16924
2.16924
1.31889
1.05313
1.05313
1.05313
1.05313
0.648076
0.494683
0.494683
0.494683
0.778369
0.778369
0.778369
0.80447
0.80447
1.34855
1.42504
1.64373
1.4298
1.86304
1.86304
1.82079
1.82079
1.82079
1.82079
1.50995
1.94641
1.94641
1.94641
1.9401
1.9401
1.9401
1.30306
0.28469
0.28469
0.28469
0.28469
0.28469
0.297681
0.297681
0.297681
0.297681
0.297681
0.297681
0.297681
0.297681
0.297681
0.297681
0.90169
0.90169
0.90169
1.20804
1.25607
1.27025
1.61891
0.702817
0.728716
0.728716
0.728716
0.728716
0.728716
0.916259
1.52192
1.95995
1.92031
1.27331
0.504271
0.504271
0.854907
1.13288
0.615827
0.615827
0.533103
0.533103
1.09883
1.17505
0.80244
1.19389
1.19389
1.19389
1.6782
1.64527
1.64527
1.44861
1.44861
1.44861
1.44861
1.27026
1.72308
1.72308
1.72308
1.62359
1.62359
1.62359
1.62359
1.23729
0.654424
1.14274
1.14274
1.14274
1.29874
0.858962
0.858962
0.772224
0.772224
0.772224
0.772224
0.772224
0.883319
1.18175
1.18175
1.18175
1.18175
1.18175
1.18175
1.18175
1.18175
1.69276
1.35429
1.35429
1.35429
0.360097
0.360097
0.685552
1.15728
0.59322
0.59322
1.03243
1.03243
0.579531
0.579531
0.579531
0.579531
1.15626
1.15626
1.15626
1.15626
1.12109
1.12109
1.12109
0.946897
1.10639
1.10639
0.738906
0.741262
0.930325
0.871983
0.948723
0.879933
0.256256
0.852927
0.852927
0.852927
1.37175
1.37175
1.13911
1.13911
0.799873
0.799873
0.341161
0.341161
0.341161
0.341161
0.341161
0.736859
0.736859
1.10993
0.557858
0.557858
0.557858
1.18668
1.18668
1.18668
1.0483
0.981642
0.981642
0.981642
0.981642
0.981642
0.52974
0.52974
0.52974
0.52974
0.52974
1.75375
1.50016
1.58936
0.420463
0.420463
0.420463
0.815565
1.41209
1.59243
1.42874
1.42874
0.60509
1.51566
1.51566
1.51566
0.426908
0.426908
0.426908
0.426908
0.426908
0.426908
0.426908
0.776195
0.776195
0.776195
0.776195
0.776195
0.776195
0.776195
0.672462
0.672462
1.71137
1.71137
1.71137
1.71137
1.71137
2.64871
2.20226
2.33931
2.17842
2.17842
2.17842
2.26232
1.12881
0.818124
0.818124
0.462054
0.462054
0.462054
0.462054
0.513525
0.513525
0.513525
0.513525
0.513525
0.513525
0.827992
0.827992
0.909817
1.61004
1.59393
1.99535
1.87399
2.03809
2.01833
1.07901
1.63313
1.63313
1.46961
1.17954
1.17954
1.17954
1.03792
0.467258
0.810594
1.73116
2.44892
2.86708
2.86708
3.45407
3.02518
3.02518
2.91825
2.91825
2.91825
2.91825
1.75879
0.954249
1.90532
1.16384
1.16384
1.16384
1.16384
1.16384
1.16384
0.979185
0.979185
0.979185
0.979185
0.979185
0.970759
0.668848
0.872469
0.872469
0.872469
0.872469
0.872469
1.30828
0.740758
1.54701
1.54701
1.54701
1.02588
1.02588
1.02588
1.02588
1.02588
1.02588
1.14802
1.14802
1.14802
1.69012
1.24037
1.2342
1.2342
1.2342
1.32993
1.32993
1.32993
1.32993
1.32993
1.32993
1.22427
1.00967
0.859326
0.385665
0.385665
0.385665
0.385665
0.385665
0.385665
0.385665
1.12744
1.12744
1.12744
0.726971
0.726971
0.726971
0.726971
0.726971
0.726971
0.726971
1.24978
1.23567
1.23567
1.23567
1.21628
1.10207
1.10207
1.10207
1.13199
1.13199
1.13199
1.13199
1.13199
1.13199
0.636415
0.636415
0.636415
0.636415
0.757081
0.775506
0.775506
0.775506
1.04446
1.09929
0.833194
0.488113
0.488113
0.488113
0.488113
0.488113
0.507318
0.507318
0.371165
0.371165
0.371165
0.371165
0.371165
0.371165
0.371165
0.371165
0.371165
0.371165
0.371165
1.08253
1.08253
0.427978
0.427978
0.427978
0.801972
0.801972
0.801972
1.87042
1.31091
1.29968
1.29968
1.29968
0.881335
0.881335
0.881335
0.881335
0.881335
1.12854
0.43977
0.43977
0.868956
0.742025
1.08936
1.08936
1.08936
1.08936
1.14201
1.14201
1.14201
1.97892
1.49389
0.896747
1.31389
1.66941
1.76957
2.78273
2.78273
2.78273
3.864
4.19139
4.21393
4.28317
4.28317
3.65518
2.78611
3.1196
3.1196
2.60346
2.60346
2.41122
2.41122
2.02659
2.02659
1.53367
1.53367
1.53367
2.18196
2.63395
2.66432
2.80247
2.80544
2.80544
2.9859
2.9859
2.9859
2.78491
2.3684
2.55459
2.55459
2.54414
2.54414
2.87962
2.80476
2.80476
2.5544
2.5544
2.66263
2.66263
2.56764
2.2386
2.24503
2.24503
2.41973
3.0106
3.77816
3.93813
3.99544
3.10342
3.10342
2.46922
2.19625
0.577414
0.577414
0.9285
0.9285
1.44366
1.44366
2.25853
2.54973
2.46787
2.64451
2.64451
3.22762
3.72865
4.48096
4.50527
4.40232
3.7929
2.31179
2.31179
2.23111
2.63634
2.63634
2.27351
2.01401
2.01401
1.65918
1.65918
1.5958
1.5958
1.5958
1.5958
1.5958
1.65947
0.880749
0.837433
0.837433
0.837433
0.863879
0.863879
0.863879
0.863879
0.863879
0.863879
1.52416
1.52416
1.52416
0.457751
0.457751
0.457751
0.457751
0.457751
0.664043
0.664043
0.664043
0.664043
0.664043
0.97412
1.39174
1.39174
1.39174
1.62994
2.25687
2.96059
2.94021
1.97626
1.78375
0.489823
0.489823
0.52135
0.52135
0.930281
0.930281
0.930281
0.982129
1.05117
1.05117
0.795983
0.795983
0.42316
1.05427
1.05427
0.778089
0.778089
0.778089
0.778089
0.778089
0.778089
1.46619
1.46619
0.867791
0.867791
0.867791
1.2746
1.2746
1.2746
1.68204
1.86368
1.86368
1.86368
1.86368
1.86368
1.90705
1.79025
1.8146
1.8146
2.0409
2.0409
2.19861
1.54686
1.54686
1.55985
1.20727
1.28371
1.31349
2.12302
1.41099
1.41099
1.44263
2.01679
2.24227
2.24227
1.1527
1.1527
1.1527
1.21842
1.38983
0.836668
0.836668
0.29131
0.29131
0.29131
1.0764
1.0764
0.742718
1.02772
1.02772
0.710699
0.710699
1.28466
0.792758
0.792758
0.975771
0.975771
0.758125
1.09955
1.17447
2.20364
1.10552
1.10552
1.10552
1.10552
1.10552
0.945332
0.945332
1.59797
1.08882
0.545697
0.545697
0.545697
0.545697
0.545697
0.7658
0.7658
0.631174
1.03459
1.03459
1.03459
1.70736
1.70736
1.49845
1.49845
1.98171
1.33331
1.33331
1.33331
1.33331
0.405308
0.405308
1.22991
1.22991
1.21825
1.21825
0.951548
0.951548
0.951548
1.00813
0.828969
0.828969
0.828969
0.877282
0.877282
0.918559
0.918559
0.546112
0.546112
0.546112
0.737321
0.737321
0.737321
0.951725
1.12653
1.40295
1.40295
1.00988
1.03273
0.87364
0.87364
0.87364
0.87364
0.87364
1.6246
1.6246
0.732054
1.5958
1.5958
1.5958
0.756909
0.756909
0.756909
0.756909
0.756909
0.756909
0.756909
0.912703
0.912703
0.912703
0.868024
0.933387
0.933387
1.14712
1.14712
1.38114
1.38433
1.38433
1.38433
1.77782
0.90079
1.17285
1.17285
0.565326
0.565326
0.565326
0.565326
0.565326
0.565326
0.565326
0.565326
0.565326
1.7807
1.85116
1.85116
2.50419
2.50419
2.65278
2.65278
2.65278
1.85452
2.28419
3.01657
3.23917
3.36508
3.70641
3.53339
2.50881
2.00803
2.00803
2.54931
2.54931
2.54931
2.54931
2.63803
2.63803
2.15436
1.29151
2.17247
0.836735
0.836735
0.836735
0.836735
0.836735
2.2493
2.03927
1.46611
1.321
1.321
1.20294
1.29941
1.29941
1.29941
2.15456
2.43257
2.43257
2.13434
1.62947
1.62947
0.707155
0.707155
1.12696
1.12696
1.12696
1.75424
0.816202
1.08631
0.876184
0.876184
