34.641
34.7045
34.5825
34.5825
35.2612
33.7719
33.7719
33.2505
32.8952
32.8952
32.8952
32.5272
32.5272
32.5272
30.9803
30.4082
30.4082
30.9491
30.9491
31.0455
29.7679
29.7679
29.7679
29.1818
28.667
27.7411
27.4238
27.4238
27.4238
27.786
27.786
27.786
27.786
27.786
27.786
27.786
27.5462
27.5637
28.0638
27.3535
27.3535
27.201
25.6844
25.4569
25.4577
24.2577
24.0955
23.69
24.613
24.613
24.1249
23.555
23.8126
23.8126
23.2984
22.9423
23.3371
23.6081
23.6081
22.9145
22.6289
23.6042
23.6042
23.3237
23.8859
23.1408
23.2877
22.0803
21.6225
20.7902
19.8725
20.719
20.894
20.894
20.7609
20.7609
21.3713
21.143
20.1487
20.5666
20.5292
20.3568
20.6942
20.6942
19.8882
19.4942
19.7959
19.5165
19.7682
19.7682
19.2797
19.2797
19.2797
19.0868
18.7739
18.8016
18.9492
18.9492
18.8616
19.0229
18.5365
18.5365
18.5365
17.997
18.5028
19.163
19.163
19.163
18.0045
17.7858
16.9885
16.1545
16.0837
15.7736
15.3767
15.3767
14.7677
14.0211
14.7277
14.7277
14.7277
14.0482
14.9167
15.2709
15.2709
15.2709
15.2709
15.2709
14.5029
13.7545
12.602
12.4588
12.4588
11.8367
11.3626
10.8317
10.6217
11.0599
9.96328
10.1322
10.0036
9.49137
9.35534
9.3353
9.18744
8.29133
8.07917
8.07917
8.23504
7.83993
7.35568
6.59648
6.59648
6.59648
5.83506
5.83506
5.9624
6.30498
6.30498
5.84071
5.84071
5.84071
5.84071
5.56806
4.69039
5.13025
4.82907
4.82907
4.20538
3.93303
3.6291
2.28683
2.13829
2.13829
2.13829
2.13829
1.85336
1.9735
1.46367
1.46367
0.943211
1.00597
1.00597
1.58077
1.58077
1.22146
1.22146
1.22146
0.727788
1.11283
1.11283
1.32456
1.09831
1.09831
1.09831
1.0523
1.27364
0.47886
0.47886
0.47886
0.47886
0.47886
0.47886
0.47886
0.47886
0.47886
0.47886
0.47886
0.47886
1.12174
1.12174
1.40771
2.16077
2.46868
2.51226
2.51226
2.77312
2.63754
2.63754
2.63754
2.63754
2.63754
2.53972
1.97915
2.61966
2.61966
2.61966
2.9351
2.9351
3.91088
3.91088
3.54852
3.54852
3.54852
3.54852
2.91775
2.61072
2.61072
2.97619
2.97619
2.97619
2.36691
1.58764
2.4662
2.4662
2.21533
2.49771
2.49771
1.78575
1.50271
1.50271
1.56472
1.56472
1.56472
1.56472
2.00703
1.32088
1.32088
1.67031
2.02387
1.35436
1.35436
1.35436
0.395364
1.18943
0.878534
0.720611
0.720611
0.720611
0.720611
0.720611
0.720611
0.440099
0.440099
0.440099
1.09159
1.93011
1.93011
1.93011
1.15885
1.21323
1.52152
2.04671
1.90408
1.41381
1.45612
1.45612
1.45612
1.45612
1.25707
1.0806
1.0806
0.854348
1.13699
1.13699
1.21809
1.52961
1.52961
1.524
1.33639
1.33639
0.930182
0.790978
0.790978
0.843643
0.843643
1.73955
1.73955
1.73955
1.61228
1.61228
1.53356
1.49327
1.49327
1.74685
1.84006
1.84006
1.95744
2.51727
2.51727
1.89542
1.60298
0.467634
0.467634
0.467634
0.467634
0.467634
0.467634
0.467634
0.467634
0.467634
0.467634
0.467634
0.467634
0.467634
0.467634
0.946538
1.13167
1.86782
1.32649
1.32649
1.32649
1.32649
1.32649
0.99673
0.99673
0.99673
0.99673
0.436197
0.436197
0.436197
0.436197
0.436197
0.436197
0.436197
0.474053
0.474053
0.474053
0.474053
0.474053
0.474053
0.474053
0.799506
0.685068
1.1534
0.682558
0.682558
0.682558
0.724183
0.539554
0.935971
1.21493
0.976136
0.976136
1.0855
1.0855
0.734078
0.734078
0.734078
1.31523
1.31523
0.197725
1.1285
1.1285
0.686783
0.686783
0.410026
0.410026
0.410026
0.923457
0.923457
0.923457
0.387724
0.387724
0.387724
0.624644
0.658644
0.647292
0.647292
1.3419
2.08965
2.08965
1.15004
0.822192
1.18555
1.18555
0.773452
0.773452
0.773452
0.773452
0.773452
0.773452
0.773452
0.773452
0.773452
0.773452
0.773452
0.671667
0.671667
0.671667
0.671667
1.0499
1.0499
1.0499
1.10268
1.10268
1.10268
1.94056
0.801915
1.56223
1.1813
1.1813
1.33508
1.33508
0.802616
0.802616
0.802616
0.802616
0.802616
0.573852
0.573852
0.573852
0.573852
0.573852
1.11219
1.38817
1.38817
1.38817
1.41425
2.04511
1.53393
1.53393
1.53393
1.21086
1.21086
1.82576
1.28893
1.26064
0.979146
1.22265
1.50172
0.772512
1.31506
1.36747
1.49128
1.49128
1.49128
1.49128
0.855597
0.855597
1.13962
1.13962
1.13962
1.79528
0.920048
0.920048
0.920048
1.11292
1.0928
1.4597
1.00067
1.00067
0.852178
0.890994
0.953885
1.47148
1.47148
0.798947
0.798947
0.798947
0.603449
0.603449
0.603449
0.603449
0.603449
1.09572
1.09572
1.09572
1.81651
1.81651
2.37147
1.90248
1.90248
1.8664
1.8664
1.8664
1.8664
1.8664
1.45468
1.30441
0.964205
0.964205
0.964205
1.32404
1.65694
1.96919
1.97467
1.05786
0.942971
1.08556
1.42234
1.61606
0.860378
0.860378
0.860378
0.860378
1.49962
1.87488
1.95904
1.95904
1.78035
1.58822
1.58822
1.31314
1.74909
1.74909
1.74909
1.74909
1.58075
1.58075
1.75356
1.75356
1.75356
1.75356
1.20681
1.20681
1.20681
1.49383
1.49383
1.49383
1.61387
1.59309
1.59309
1.64665
1.73659
2.00386
2.00386
2.00386
1.17524
1.82924
2.2485
2.2485
1.77955
1.56186
1.56186
1.56186
1.42713
1.26591
1.92036
1.92036
1.92036
1.81156
0.791161
0.928468
0.891668
1.31756
1.31756
1.59681
1.32001
1.32001
1.32001
1.93472
1.59996
1.59996
1.68049
1.02262
1.02262
1.02262
1.02262
1.14829
1.57015
1.5231
1.5231
1.5231
1.5231
1.27312
1.27312
1.46047
1.46047
1.19957
2.19119
1.54539
2.75022
3.02335
2.7812
2.10013
2.17261
2.17261
2.17261
2.17261
2.17261
2.17261
2.17261
1.70634
1.70634
1.00451
1.00451
1.00451
0.909259
0.909259
0.909259
1.25326
1.25326
1.25326
1.25326
1.25326
1.25326
0.281833
0.535119
0.792426
0.387041
0.387041
0.387041
0.387041
0.378733
0.378733
0.378733
0.869216
1.53529
1.53529
1.53529
1.53529
1.53529
1.53529
1.53529
1.46463
1.46463
1.47505
1.47505
1.47505
2.29816
2.29816
2.29816
2.29816
2.43245
2.45541
2.45541
3.15399
3.4199
2.96068
3.19335
3.19335
3.19335
3.19335
2.40497
2.06336
1.80399
1.43006
0.510713
1.17703
1.00944
1.00944
0.770307
0.770307
0.770307
0.770307
0.907873
1.68742
1.68742
1.73291
1.73291
1.86618
1.86618
1.74789
1.74789
1.74789
1.74789
2.12445
2.33296
1.72648
1.21036
1.24083
1.24083
1.41464
1.41464
1.66147
2.16492
1.98856
1.70201
2.02065
1.56614
1.21063
1.15538
1.15538
1.55595
1.55595
1.62971
1.83378
1.83378
1.83378
1.83378
2.15428
2.67389
1.81395
1.87092
1.87092
1.90452
1.90452
1.90452
1.90452
1.19091
1.19091
1.19091
1.15379
1.15379
1.15379
0.245213
0.245213
0.245213
0.245213
0.245213
0.245213
0.245213
0.245213
0.245213
0.245213
0.245213
0.245213
0.245213
0.245213
0.245213
0.245213
0.245213
1.15476
1.15476
1.15476
1.15476
1.38392
1.38392
1.14049
1.14049
1.14049
0.546621
1.07657
1.07657
1.07657
1.07657
1.60357
1.60357
1.60357
1.60357
1.60357
1.14391
1.14391
1.14391
1.14391
1.72036
1.72036
0.972791
0.644698
0.644698
1.0503
1.4726
1.62897
1.62897
1.62897
1.82654
2.57865
2.57865
2.16176
2.16176
3.36122
3.64538
4.04771
4.2538
4.2538
4.2538
4.2538
4.2538
4.34683
4.34683
4.33305
3.61482
3.61482
3.47989
3.50124
3.50124
3.50124
3.80682
2.63593
2.60571
2.59228
2.3422
2.3422
3.27783
4.05612
4.05612
4.18943
4.18943
4.1336
4.1336
4.06857
4.06857
3.86635
3.86635
3.86635
3.48512
3.48512
4.10682
4.10682
3.936
3.936
4.09341
3.30086
3.30086
3.33952
3.33952
2.71197
2.71197
2.71197
2.84979
2.84979
2.84979
2.84979
2.84979
2.84979
2.84979
2.84979
2.25518
2.74528
2.16988
2.15101
2.15101
3.19747
3.11363
2.32582
2.89802
3.44607
3.12955
2.13375
1.91655
1.91655
1.91655
1.45821
0.620556
0.620556
1.57516
1.6102
1.6102
1.89365
1.61919
1.61919
1.61919
1.20206
0.842415
0.878002
0.878002
0.878002
0.878002
0.878002
0.863435
0.863435
0.863435
0.863435
0.693392
0.693392
0.693392
0.693392
0.693392
0.693392
0.710456
0.710456
0.710456
1.3259
1.3259
0.948686
0.948686
0.948686
0.948686
1.09564
1.09564
0.516888
0.516888
0.516888
0.516888
1.12902
1.19436
1.19436
1.53718
1.92034
2.21246
2.13077
2.13077
2.13077
2.60087
2.60087
2.71425
3.19812
3.14037
2.64418
2.64418
2.7004
2.7004
2.48307
1.45243
2.45878
2.45878
2.45878
2.45878
2.45878
2.45878
2.10855
1.46122
1.46122
1.06459
1.06459
1.06459
0.798041
0.798041
1.05078
1.05078
1.08904
1.65945
1.65945
2.38278
2.38278
2.34244
2.98349
2.38112
2.38112
2.61478
2.61478
2.30923
2.30923
2.30923
2.18959
0.972943
0.801593
0.764645
0.764645
0.764645
0.764645
0.764645
0.618138
0.618138
0.618138
0.391273
0.802003
0.802003
0.802003
0.802003
0.438969
1.31605
1.14155
1.14155
1.38938
0.788961
0.788961
0.756211
0.756211
1.80437
1.80437
1.42917
2.18083
1.21916
1.08641
1.65612
2.13753
2.27364
2.27364
2.27364
2.27364
2.27364
2.38739
2.38739
2.38739
2.16533
2.56119
2.68195
2.68195
2.68195
2.68195
2.68195
2.68195
2.11119
2.18568
2.54365
2.18879
2.75659
2.75659
