0.405824   0.0508845   -0.318849
0.207103   -0.435912   -0.036757
-0.479993   -0.108356   0.231714
0.25638   0.338484   -0.0882209
0.251254   -0.0643239   -0.349094
-0.357285   -0.277943   0.396681
0.269912   -0.387284   0.143118
0.156872   0.177668   -0.0433661
0.237987   0.0667406   0.163987
0.340463   -0.425579   0.454679
-0.376871   0.113823   0.0134706
0.289534   0.446886   0.0479294
-0.144654   0.0638482   -0.254086
-0.0559245   -0.0828411   0.157964
-0.169744   -0.0188623   -0.418376
-0.204175   0.00303132   0.498524
-0.394087   0.195936   -0.287327
-0.10081   0.269536   -0.0349052
0.320651   0.0367278   0.116614
0.350493   0.387266   0.0260945
-0.289041   -0.103699   -0.269583
0.498525   -0.358141   0.402814
-0.150728   -0.00369565   0.187307
0.444541   0.293199   -0.161142
-0.119857   -0.459367   -0.45291
0.193093   -0.486168   0.0501308
-0.122392   -0.423245   -0.0276001
-0.143695   0.285436   0.326477
0.0784643   -0.12596   0.0910044
0.200409   -0.461712   0.482031
0.450269   0.177705   -0.0458688
-0.0307531   0.209313   -0.132129
-0.347418   -0.42351   -0.402496
-0.468207   -0.344391   0.327062
0.392964   -0.0239681   -0.395149
0.427544   0.461106   0.492442
0.328158   0.102879   -0.0764527
0.137697   0.0733615   0.191793
-0.414408   0.317479   0.399977
-0.071368   -0.495621   0.278344
-0.433934   -0.0066067   -0.339653
-0.314243   0.467526   -0.351843
-0.236119   0.420436   -0.317044
0.102122   0.240806   -0.492225
-0.0627406   0.391109   -0.344397
0.372266   0.134909   0.445259
0.237315   -0.0979009   -0.216812
0.164991   -0.0295128   -0.464187
0.249358   0.097899   -0.13202
-0.259187   0.480287   0.117158
0.0167379   -0.397741   -0.328829
-0.392212   -0.0859197   -0.264263
0.362335   -0.139361   0.496231
0.411457   0.119584   -0.454622
0.215542   -0.173784   -0.190865
0.195325   0.428994   -0.437116
0.0508169   0.371829   0.193872
-0.305772   0.365141   0.319226
0.230167   -0.134322   0.450277
0.208769   -0.163212   -0.348814
0.163412   -0.0782547   -0.391834
-0.432455   0.00591746   -0.448338
-0.104091   -0.321366   0.305671
-0.411952   -0.358193   -0.465896
0.475542   -0.22984   0.417216
0.389592   0.140474   0.128435
-0.369416   -0.18938   -0.238983
0.349349   0.0048256   0.492792
0.0696894   -0.0971338   0.441329
-0.296902   -0.289681   -0.219161
0.351118   0.438508   -0.397289
-0.27358   0.0439635   0.395869
-0.481773   0.271459   0.476942
0.445548   -0.323945   -0.24882
0.394555   -0.0431801   -0.300986
-0.186328   -0.373249   0.464907
0.0551828   0.040778   -0.0484062
-0.0685079   0.318071   0.365032
0.254395   0.25029   0.488214
-0.0510282   -0.116449   0.350141
0.0450669   -0.308949   -0.255087
0.0834001   0.304231   0.349246
0.0584016   -0.497826   0.324641
-0.462724   -0.218155   0.307007
0.31282   -0.158472   0.0638966
-0.249115   -0.299314   0.0140108
-0.174478   -0.227543   0.457721
-0.0504152   0.374995   0.170099
0.185159   -0.0437742   0.247797
-0.377879   -0.213904   0.214424
0.386698   0.0344957   -0.021234
0.372987   -0.371363   0.114804
-0.00426515   -0.0136079   0.476812
0.0375189   0.38186   -0.365538
-0.216314   -0.499393   0.269733
-0.335229   0.177552   0.177631
-0.0443627   0.349697   0.257633
0.201061   0.0672247   0.24448
-0.264939   0.242923   0.102147
-0.13426   -0.180563   0.160201
-0.332008   0.466165   -0.153557
0.238307   -0.270999   0.0476271
-0.340953   -0.408411   0.195573
-0.0019154   -0.395674   0.289368
0.042255   0.303106   0.264362
-0.371648   -0.300572   0.0342882
-0.42322   -0.443863   -0.421348
0.203116   0.426395   -0.163836
