1.33878
1.77313
1.07808
1.85647
1.5114
1.30059
1.45928
1.45083
1.67863
1.70996
1.46086
1.64549
1.53156
1.50046
1.41063
1.87383
1.4557
1.49048
1.53258
1.42827
1.39769
1.41753
1.50066
1.56816
1.68065
1.44157
1.72528
1.46543
1.57636
1.56541
1.40806
1.40164
1.70814
1.30594
1.36568
1.45851
1.7011
1.4699
1.50851
1.39497
1.39699
1.46856
1.42424
1.41676
1.4501
1.49597
1.52507
1.49091
1.61443
1.4156
1.56787
1.38851
1.56976
1.37467
1.39191
1.42012
1.71998
1.33171
1.38894
1.59074
1.26545
1.7568
1.45416
1.46772
1.58375
1.46542
1.98783
1.5136
1.67145
1.80673
1.57598
1.517
1.57286
1.23158
1.51356
1.67267
1.1989
1.62718
1.72967
1.63959
1.74619
1.57675
1.35533
1.5757
1.21491
1.52399
1.3714
1.19651
1.31932
1.58537
1.11081
1.33272
1.38764
1.61937
1.31553
1.33512
1.4837
1.37936
1.35275
1.72739
1.51527
1.21724
1.58759
1.32079
1.3591
1.38122
1.63731
1.58241
1.48147
1.46631
1.46319
1.58239
1.48167
1.4372
1.39949
1.49701
1.4513
1.7381
1.55989
1.49378
1.67021
1.44803
1.49616
1.52947
1.63926
1.4043
1.4169
1.36466
1.69263
1.85189
1.53321
1.46217
1.66723
1.25489
1.47505
1.41363
1.53002
1.62599
1.29702
1.42479
1.37737
1.60873
1.61023
1.17836
1.84436
1.35514
1.54524
1.61875
1.52032
1.55798
1.64825
1.49765
1.61194
1.75728
1.63948
1.68666
1.94062
1.63752
1.61408
1.42501
1.51784
1.58049
1.54152
1.61719
1.45407
1.40937
1.45969
1.54152
1.4341
1.47351
1.63533
1.41618
1.75669
1.4091
1.51584
1.23852
1.57495
1.62148
1.55428
1.39758
1.43444
1.374
1.78024
1.45184
1.59329
1.4685
1.40253
1.80491
1.66598
1.54355
1.2546
1.39194
1.24722
1.50573
1.55591
1.63435
1.43489
1.49276
1.64356
1.43785
1.38216
1.65004
1.58879
1.40048
1.30168
1.57998
1.44547
1.52946
1.58868
1.43822
1.48443
1.86733
1.4298
1.45931
1.4556
1.69628
1.47405
1.35361
1.47531
1.42447
1.44561
1.59204
1.38129
1.78073
1.46724
1.38125
1.6637
1.2884
1.1269
1.40677
1.64418
1.56339
1.40845
1.33131
1.58934
1.34934
1.45053
1.34953
1.16852
1.51555
1.42282
1.7273
1.37477
1.3083
1.34205
1.85193
1.70458
1.72812
1.48962
1.59594
1.27863
1.56277
1.38607
1.47781
1.34705
1.41225
1.28086
1.37669
1.51883
1.29639
1.38681
1.4374
1.58819
1.43107
1.42049
1.28038
1.64177
1.66424
1.57874
1.66039
1.58124
1.38803
1.75047
1.10863
1.55418
1.51427
1.30776
1.45219
1.84334
1.43767
1.53781
1.652
1.52056
1.22441
1.32572
1.56667
1.65124
1.32537
1.40406
1.68212
1.31519
1.56435
1.49647
1.42876
1.39252
1.37895
1.55269
1.43654
1.64466
1.55218
1.56015
1.43868
1.61735
1.33576
1.14675
1.42901
1.51027
1.61268
1.31883
1.55168
1.48209
1.45179
1.51003
1.50654
1.47527
1.48107
1.47495
1.70117
1.53521
1.32644
1.22841
1.69262
1.71891
1.64621
1.48741
1.35469
1.40007
1.47035
1.45311
1.30297
1.65279
1.59161
1.56955
1.58027
1.46009
1.60876
1.32989
1.60333
1.32456
1.39751
1.38352
1.42169
1.55643
1.50602
1.68751
1.69779
1.82793
1.71094
1.677
1.51247
1.3095
1.72959
1.71766
1.24186
1.53897
1.37306
1.68242
1.50461
1.57094
1.28788
1.5714
1.5243
1.21633
1.24862
1.69038
1.4112
1.61023
1.44756
1.71077
1.58572
1.79556
1.52942
1.6063
1.52223
1.42479
1.49263
1.47687
1.30652
1.50105
1.31052
1.5732
1.39767
1.62421
1.36515
1.42815
1.47328
1.57503
1.43189
1.42404
1.43296
1.48125
1.70407
1.58091
1.65446
1.63783
1.6425
1.39119
1.25277
1.50213
1.45387
1.55676
1.68816
1.63787
1.56799
1.31767
1.44745
1.68457
1.61391
1.59178
1.40664
1.55238
1.41702
1.38421
1.68513
1.74108
1.71349
1.67877
1.60901
1.60564
1.51453
1.6506
1.60014
1.89079
1.48499
1.69046
1.51654
1.49294
1.48426
1.52712
1.20885
1.3308
1.37744
1.46755
1.76858
1.43316
1.42316
1.30291
1.67385
1.72804
1.56115
1.20233
1.33725
1.73571
1.44749
1.40941
1.56316
1.4981
1.26779
1.63065
1.62074
1.43961
1.64203
1.38858
1.49595
1.57843
1.49735
1.29561
1.63431
1.51706
1.36543
1.41159
1.32705
1.56264
1.86641
1.4599
1.39937
1.44908
1.44635
1.79877
1.50308
1.74752
1.41997
1.53132
1.26778
1.58311
1.52799
1.63081
1.40435
1.59175
1.70935
1.58955
1.58203
1.64785
1.44839
1.31076
1.54782
1.42124
1.34576
1.44487
1.357
1.79663
1.45137
1.31958
1.57394
1.75605
1.56876
1.76855
1.51494
1.71349
1.61207
1.31727
1.789
1.48125
1.5326
1.62513
1.65572
1.3079
1.51951
1.48109
1.23388
1.61862
1.51669
1.86159
1.43431
1.44953
1.92348
1.38176
1.61921
1.3198
1.24651
1.27352
1.43605
1.51511
1.71368
1.4901
1.67682
1.4812
1.44378
1.55046
1.37778
1.42693
1.60528
1.48171
1.55853
1.49275
1.52944
1.6211
1.80592
1.45507
1.7105
1.42131
1.45566
1.43034
1.46999
1.54759
1.41311
1.64478
1.56119
1.86199
1.2665
1.30231
1.453
1.71163
1.62453
1.61516
1.32187
1.62293
1.39428
1.42358
1.5718
1.59517
1.42663
1.6492
1.85084
1.59734
1.72295
1.74669
1.66437
1.49009
1.54222
1.56492
1.80912
1.55602
1.28597
1.47135
1.57464
1.39716
1.32509
1.84693
1.64962
1.76607
1.55282
1.69521
1.33317
1.6196
1.76569
1.48359
1.37005
1.37792
1.60532
2.00416
1.61447
1.3091
1.42855
1.35719
1.40028
1.45904
1.67275
1.57278
1.43903
1.66308
1.41345
1.57809
1.55361
1.59506
1.64411
1.73017
1.39716
1.40899
1.62638
1.61207
1.53334
1.50181
1.55264
1.68954
1.7933
1.80535
1.51136
1.55183
1.3847
1.64863
1.43544
1.53499
1.32499
1.45322
1.43531
1.4632
1.87599
1.7144
1.37059
1.56635
1.57131
1.44347
1.36357
1.44708
1.62863
1.31237
1.56704
1.59712
1.48942
1.63944
1.53844
1.67776
1.40757
1.4954
1.38178
1.42049
1.40702
1.60928
1.3402
1.47491
1.30061
1.3408
1.62134
1.74151
1.25644
1.64517
1.60032
1.67451
1.65253
1.45311
1.69893
1.58666
1.75373
1.52961
1.41322
1.6309
1.35156
1.4094
1.61862
1.42134
1.22159
1.65836
1.53048
1.33728
1.42863
1.16341
1.41578
1.37811
1.69458
1.37042
1.3843
1.72634
1.73535
1.66718
1.38542
1.38743
1.20453
1.49471
1.74424
1.6111
1.69095
1.36225
1.64333
1.22575
1.65113
1.72757
1.6001
1.38226
1.39589
1.66103
1.40804
1.71186
1.32954
1.55377
1.54623
1.62627
1.25812
1.4823
1.64074
1.33436
1.25849
1.35372
1.17979
1.33791
1.36787
1.41864
1.4611
1.67363
1.31326
1.67702
1.87327
1.35399
1.44316
1.54831
1.3422
1.32884
1.2827
1.50411
1.57014
1.49932
1.77262
1.56557
1.48607
1.44162
1.69218
1.22063
1.58029
1.49844
1.44602
1.52622
1.57289
1.60261
1.82792
1.47528
1.46091
1.54692
1.4185
1.58238
1.03697
1.42931
1.78737
1.62279
1.23491
1.71313
1.50347
1.3429
1.4409
1.38381
1.25792
1.73674
1.5904
1.39725
1.36396
1.56194
1.42192
1.57878
1.28133
1.5654
1.47691
1.50823
1.55575
1.57439
1.57905
1.62645
1.87609
1.26825
1.59567
1.36359
1.31148
1.40675
1.36006
1.50044
1.48893
1.44897
1.5236
1.46057
1.62891
1.7193
1.4024
1.4775
1.53481
1.54323
1.30948
1.66083
1.77391
1.52979
1.57738
1.70808
1.73113
1.47182
1.17067
1.55824
1.56849
1.52166
1.45975
1.28911
1.57225
1.50185
1.62309
1.48686
1.22373
1.36254
1.43448
1.4348
1.36696
1.28627
1.48907
1.37699
1.37504
1.34372
1.50437
1.68328
1.71583
1.61939
1.3585
1.65412
1.30753
1.45956
1.34132
1.58722
1.46653
1.24749
1.50611
1.50348
1.26056
1.5255
1.40574
1.32611
1.52409
1.48396
1.35194
1.23334
1.47953
1.53903
1.51072
1.34713
1.7266
1.39174
1.34105
1.64419
1.35169
1.60626
1.42126
1.46192
1.62907
1.66421
1.56863
1.4608
1.435
1.61133
1.36516
1.516
1.26594
1.30361
1.72306
1.72794
1.91993
1.30671
1.40842
1.67412
1.65492
1.65713
1.40969
1.50275
1.41995
1.69404
1.44621
1.48648
1.45253
1.29805
1.78284
1.43458
1.48552
1.23047
1.34855
1.45607
1.33641
1.78818
1.54662
1.21989
1.46816
1.4156
1.79585
1.43585
1.27436
1.89966
1.49809
1.57222
1.414
1.60308
1.50254
1.65802
1.88285
1.43667
1.44331
1.54776
1.36188
1.54982
1.66151
1.43685
1.58988
1.20991
1.46115
1.51961
1.43626
1.49852
1.51771
1.31625
1.40071
1.45072
1.55491
1.51769
1.43891
1.52054
1.64457
1.41332
1.52559
1.73114
1.522
1.64971
1.54726
1.43823
1.51043
1.51473
1.44934
1.73373
1.34011
1.46519
1.45147
1.50455
1.38655
1.37985
1.29371
1.34802
1.5925
1.24028
1.8242
1.70231
1.38517
1.50469
1.60755
1.50381
1.56863
1.54885
1.42145
1.31286
1.48352
1.33656
1.54652
1.3654
1.75755
1.61671
1.36215
1.75272
1.55468
1.52783
1.73181
1.50779
1.36884
1.42369
1.94452
1.28739
1.29104
1.45598
1.36818
1.46337
1.33374
1.31652
1.5541
1.51644
1.71537
1.68908
1.68853
1.48369
1.70124
1.40222
1.56844
1.52636
1.45287
1.24362
1.69378
1.725
1.1893
1.27275
1.47238
1.43694
1.69288
1.56194
1.28324
1.39841
1.41532
1.36263
1.5674
1.59512
1.83769
1.3998
1.53073
1.44961
1.59649
1.40201
1.6019
1.37747
1.26901
1.47452
1.48548
1.30053
1.7798
1.67175
1.27055
1.30484
1.27958
1.68931
1.51383
1.37906
1.40658
1.37032
1.43671
1.44339
1.50708
1.59382
1.53045
1.35439
1.56594
1.50521
1.52352
1.51937
1.62412
1.54646
1.64736
1.43018
1.37946
1.50643
1.54236
1.55104
1.4542
1.78771
1.58136
1.43239
1.42921
1.30906
1.76765
1.39925
1.53227
1.60867
1.4055
1.37981
1.42252
1.10425
1.46248
1.36265
1.51309
1.42504
1.18931
1.68217
1.81261
1.27139
1.63983
1.61762
1.41862
1.66
1.52197
1.7594
1.16193
1.47855
1.63162
1.45379
1.10858
1.40915
1.5352
1.61582
1.53141
1.24255
1.57746
1.54655
1.55726
1.48711
1.39004
1.68433
1.59991
1.43664
1.46338
1.41457
1.62745
1.63267
1.6213
1.96298
1.68432
1.22662
1.51902
1.44705
1.27503
1.42287
1.67142
1.58462
1.57093
1.72376
1.52983
1.66763
1.22583
1.29472
1.58609
1.39818
1.76482
1.31599
1.26631
1.48564
1.46358
1.52445
1.42567
1.59239
1.4267
1.60834
1.54896
1.52449
1.57796
1.40491
1.27588
1.43233
1.30422
1.61475
1.64549
1.55971
1.53101
1.44006
1.58389
1.74766
1.72098
1.4738
1.55991
1.3542
1.45521
1.5025
1.47434
1.58424
1.33982
1.72398
1.45063
1.33806
1.4048
1.42973
1.21381
1.33917
1.35055
1.42866
1.24239
1.36245
1.44683
1.26426
1.44348
1.68621
1.5143
1.47815
1.81771
1.318
1.32269
1.48153
1.48578
1.52616
1.47122
1.60983
1.58375
1.40102
1.65231
1.53695
1.25143
1.57711
1.42206
1.74985
1.47119
1.52695
1.60199
1.52744
1.61564
1.42987
1.65352
1.49599
1.39276
1.59097
1.39941
1.63042
1.58066
1.45404
1.41405
1.47778
1.3671
1.39307
1.47352
1.47664
1.561
1.29948
1.57944
1.57371
1.556
1.42247
1.3556
1.3333
1.68068
1.4558
1.57184
1.60383
1.59384
1.56778
1.56044
1.74223
1.39607
1.52921
1.67272
1.44369
1.37387
1.35883
1.66474
1.56236
1.65869
1.54954
1.58295
1.48112
1.38105
1.63096
1.30701
1.4576
1.36577
1.51396
1.50639
1.35359
1.49037
1.36613
1.4877
1.60739
1.10258
1.65922
1.37501
1.37368
1.25557
1.68688
1.36531
1.52894
1.67482
1.80473
1.7048
1.58764
1.5382
1.31161
1.48344
1.77259
1.60203
1.37706
1.39249
1.53955
1.40254
1.42079
1.47426
1.64084
1.59447
1.82986
1.26546
1.35923
1.41858
1.59858
1.70375
1.48557
1.64524
1.66185
1.52713
1.87662
1.34039
1.67354
1.5787
1.52129
1.3519
1.81142
1.48014
1.62435
1.47836
1.47879
1.66696
1.20182
1.59082
1.81891
1.51641
1.41163
1.51733
1.40167
1.4612
1.54716
1.21346
1.37724
1.44659
1.56139
1.59162
1.69542
1.41151
1.34518
1.41244
1.49193
1.44927
1.22528
1.61444
1.77438
1.62602
1.37698
1.59553
1.70707
1.50635
1.52216
1.80985
1.45549
1.40755
1.70033
1.39041
1.52816
1.54444
1.58096
1.43578
1.45859
1.49423
1.47009
1.51233
1.40594
1.72223
1.42714
1.45561
1.67795
1.31473
1.50973
1.7353
1.59367
1.51512
1.57305
1.61238
1.30528
1.43459
1.3452
1.40124
1.31231
1.39401
1.77979
1.63895
1.59696
1.49608
1.34904
1.53304
1.72469
1.45451
1.14917
1.75492
1.45033
1.35355
1.59742
1.19695
1.431
1.45143
1.31917
1.12918
1.30298
1.30511
1.71234
1.34864
1.42517
1.87993
1.49336
1.36637
1.67177
1.59966
1.65077
1.41863
1.62246
1.80394
1.19529
1.44784
1.36669
1.55076
1.36053
1.70639
1.62262
1.2942
1.40055
1.39478
1.61847
1.21564
1.37369
1.49572
1.71492
1.6254
1.32785
1.43504
1.36432
1.61668
1.76263
1.47924
1.62513
1.64283
1.61745
1.57477
1.89011
1.71369
1.25981
1.36873
1.27641
1.45792
1.87357
1.92246
1.59005
1.62185
1.49378
1.52885
1.25537
1.58234
1.77678
1.36484
1.42643
1.60153
1.51505
1.49357
1.43312
1.57586
1.56305
1.58344
1.35815
1.46186
1.72364
1.39488
1.34123
1.56088
1.77349
1.59112
1.31844
1.66507
1.28225
1.38762
1.34859
1.61377
1.50883
1.65962
1.60686
1.215
1.57463
1.62861
1.58496
1.57564
1.57656
1.6341
1.25577
1.28859
1.349
1.48443
1.48132
1.6629
1.34611
1.47663
1.63781
1.36287
1.39228
1.62766
1.43963
1.52738
1.25566
1.46044
1.42655
1.72179
1.29038
1.54391
1.56738
1.68908
1.50301
1.54086
1.32947
1.48991
1.28602
1.62653
1.26155
1.73055
1.60227
1.55089
1.6218
1.63767
1.80024
1.35821
1.21754
1.38768
1.63764
1.44189
1.43775
1.76145
1.40055
1.43811
1.45865
1.49724
1.38634
1.37303
1.3777
1.39806
1.38278
1.45547
1.21148
1.47171
1.34624
1.81291
1.48508
1.46591
1.55544
1.76768
1.25377
1.54264
1.48088
1.12967
1.31396
1.69667
1.49122
1.44216
1.38364
1.3884
1.51693
1.32461
1.6153
1.95715
1.54011
1.57038
1.44352
1.42537
1.31116
1.53242
1.58793
1.43687
1.46107
1.53527
1.32303
1.40527
1.47477
1.60607
1.64995
1.61334
1.70072
1.35839
1.52305
1.51972
1.36268
1.50414
1.37636
1.27394
1.51032
1.51133
1.38037
1.418
1.55427
1.68109
1.47278
1.38727
1.61483
1.21447
1.41699
1.5149
1.46672
1.48696
1.3968
1.50235
1.36237
1.5253
1.77286
1.45168
1.61963
1.52731
1.42263
1.55035
1.69412
1.49796
1.55966
1.44326
1.58992
1.37437
1.51831
1.73544
1.61226
1.38026
1.51047
1.45249
1.50754
1.51236
1.38414
1.38771
1.49717
1.53241
1.45944
1.82498
1.50885
1.43713
1.48853
1.40056
1.70908
1.54467
1.51001
1.74851
1.57664
1.59154
1.57879
1.39957
1.72601
1.66407
1.59992
1.4282
1.7047
1.42733
1.51844
1.53724
1.54311
1.67898
1.46954
1.72536
1.54563
1.31694
1.49979
1.46525
1.18833
1.43444
1.50826
1.56708
1.38972
1.90445
1.36498
1.33261
1.15863
1.4642
1.45968
1.57689
1.62414
1.44265
1.54696
1.44126
1.37251
1.2341
1.28023
1.3303
1.68567
1.75897
1.64893
1.55053
1.39686
1.55836
1.46423
1.46708
1.52818
1.74037
1.3904
1.3574
1.30106
1.33299
1.41504
1.42888
1.34575
1.54907
1.66929
1.40049
1.52667
1.39571
1.4533
1.65542
1.36039
1.41192
1.44235
1.62823
1.6104
1.75974
1.38574
1.45841
1.39835
1.40556
1.56246
1.43962
1.47042
1.27989
1.56038
1.50436
1.65873
1.44475
1.37171
1.68826
1.47257
1.73991
1.65807
1.37517
1.5068
1.66727
1.65291
1.56036
1.62455
1.71132
1.61012
1.5363
1.80587
1.52668
1.42828
1.40517
1.33321
1.55239
1.46424
1.33486
1.3877
1.45223
1.41215
1.7566
1.37223
1.63398
1.63575
1.19229
1.37359
1.55433
1.49465
1.48444
1.59166
1.50232
1.56493
1.76803
1.6006
1.38819
1.61395
1.38589
1.51836
1.16004
1.2049
1.5882
1.75505
1.47826
1.57619
1.34938
1.09771
1.28548
1.64699
1.44224
1.61006
1.26484
1.53135
1.35835
1.58678
1.59184
1.30556
1.75737
1.43785
1.49264
1.689
1.32609
1.37032
1.73382
1.68987
1.40458
1.40664
1.39892
1.47087
1.50395
1.53084
1.48003
1.33615
1.53772
1.73866
1.52976
1.33404
1.84012
1.27367
1.58007
1.34951
1.27803
1.5592
1.69515
1.34495
1.69787
1.5054
1.60002
1.97747
1.43603
1.34619
1.43345
1.64344
1.57687
1.49413
1.48854
1.52694
1.32211
1.53515
1.50612
1.71583
1.63144
1.36385
1.52312
1.56037
1.85955
1.626
1.30493
1.35772
1.65843
1.60173
1.29569
1.50905
1.61858
1.42649
1.41551
1.64231
1.57374
1.69692
1.44305
1.37915
1.49179
1.48998
1.32725
1.56654
1.66163
1.33748
1.76833
1.60628
1.42698
1.53027
1.50335
1.44436
1.64442
1.28145
1.54214
1.45789
1.43473
1.5576
1.691
1.35141
1.55394
1.42978
1.36626
1.48364
1.67028
1.56453
1.43968
1.52333
1.45954
1.65783
1.54035
1.54874
1.644
1.39877
1.43691
1.35467
1.59561
1.28069
1.51707
1.47566
1.49944
1.23071
1.40662
1.41925
1.49947
1.31297
1.52921
1.46118
1.72232
1.84483
1.32007
1.49751
1.53451
1.63119
1.71468
1.57269
1.81463
1.38459
1.68147
1.21838
1.59876
1.64387
1.82429
1.35552
1.80562
1.59018
1.56125
1.45206
1.4382
1.31138
1.40143
1.65676
1.36133
1.36721
1.46364
1.50538
1.38932
1.76753
1.42635
1.56378
1.57362
1.45841
1.92186
1.17519
1.49387
1.44273
1.43915
1.54158
1.34991
1.52523
1.28534
1.51631
1.37106
1.69216
1.37361
1.89832
1.24543
1.66698
1.48999
1.57205
1.85009
1.58575
1.60678
1.6332
1.38883
1.36978
1.48419
1.58823
1.48719
1.4791
1.4558
1.43624
1.65957
1.54686
1.70381
1.48909
1.62294
1.5054
1.385
1.45912
1.29135
1.63433
1.83889
1.95959
1.26149
1.48871
1.41301
1.43974
1.5487
1.28977
1.35248
1.32739
1.72248
1.45573
1.65967
1.65
1.37233
1.66264
1.54042
1.51652
1.44985
1.41297
1.49064
1.53443
1.56586
1.29402
1.32434
1.7093
1.67491
1.32878
1.5435
1.4923
1.52646
1.52038
1.61746
1.63518
1.65815
1.4277
1.62078
1.65189
1.70518
1.6867
1.51204
1.47966
1.42962
1.63388
1.39237
1.33637
1.58006
1.47236
1.51225
1.4696
1.42818
1.4336
1.55506
1.28324
1.69857
1.39219
1.42353
1.56348
1.41394
1.44537
1.4545
1.54343
1.54748
1.47531
1.5153
1.70292
1.55093
1.80231
1.33108
1.46702
1.33649
1.53402
1.4762
1.52771
1.34097
1.45882
1.44668
1.47734
1.48412
1.39423
1.47498
1.60149
1.28354
1.55384
1.53077
1.52286
1.56615
1.67144
1.50311
1.56201
1.71111
1.78756
1.44597
1.21948
1.58678
1.40898
1.61896
1.53359
1.61656
1.40431
1.43997
1.66334
1.41579
1.57258
1.49491
1.48679
1.73198
1.68244
1.35611
1.31011
1.54963
1.24444
1.50381
1.44909
1.36287
1.55202
1.36067
1.5469
1.84483
1.52638
1.3819
1.62279
1.40461
1.65626
1.34387
1.52628
1.40993
1.25108
1.39131
1.45846
1.43166
1.66319
1.58281
1.70476
1.61921
1.65472
1.56752
1.76738
1.63407
1.44693
1.64053
1.4864
1.63325
1.69235
1.47045
1.45838
1.51274
1.57742
1.52093
1.40586
1.576
1.76829
1.53733
1.55949
1.79055
1.5834
1.43148
1.29949
1.24115
1.44168
1.79403
1.52261
1.21203
1.4966
1.49827
1.8191
1.33197
1.60477
1.24666
1.42657
1.49861
1.73402
1.49604
1.82068
1.40139
1.58668
1.43047
1.56878
1.41452
1.13736
1.41388
1.24516
1.64719
1.65732
1.27673
1.4142
1.43119
1.69725
1.61253
1.36223
1.34241
1.41866
1.56259
1.49562
1.51397
1.50396
1.59732
1.53957
1.56172
1.37582
1.31564
1.42223
1.18094
1.65954
1.30925
1.46512
1.75574
1.52432
1.47549
1.35169
1.26175
1.93899
1.57388
1.41833
1.44779
1.23325
1.47155
1.39149
1.44161
1.25542
1.55468
1.83581
1.50833
1.59177
1.45265
1.42872
1.46689
1.57694
1.3722
1.57848
1.40658
1.66425
1.52076
1.83301
1.46378
1.58159
1.47807
1.43911
1.48701
1.5976
1.70906
1.72139
1.30044
1.5759
1.47216
1.8252
1.60142
1.66791
1.48867
1.19348
1.51015
1.65495
1.40375
1.77133
1.40296
1.63925
1.36325
1.61457
1.61688
1.43807
1.48987
1.32744
1.29798
1.28025
1.64533
1.29977
1.60861
1.424
1.66678
1.37034
1.84442
1.51854
1.32815
1.52961
1.21591
1.28089
1.2784
1.36818
1.6816
1.7333
1.4444
1.32331
1.44267
1.34708
1.5893
1.58281
1.46211
1.6082
1.47825
1.59652
1.52855
1.46727
1.47393
1.62487
1.19287
1.58506
1.35835
1.57756
1.60196
1.41904
1.5984
1.7404
1.38087
1.77732
1.55736
1.43367
1.60666
1.54927
1.32966
1.51817
1.44115
1.42675
1.42088
1.35505
1.6614
1.69271
1.66258
1.36471
1.28103
1.7882
1.30525
1.59832
1.11975
1.46017
1.4886
1.3658
1.46189
1.58856
1.37301
1.67477
1.5359
1.58883
1.47098
1.32956
1.6653
1.31569
1.66605
1.5379
1.40723
1.62939
1.53481
1.40527
1.45079
1.49184
1.54172
1.45156
1.35713
1.68505
1.20032
1.35071
1.45402
1.38333
1.43798
1.43131
1.52376
1.3863
1.48221
1.37009
1.68503
1.54023
1.34659
1.5664
1.39695
1.52096
1.25703
1.22179
1.31591
1.34454
1.59732
1.62068
1.32463
1.57602
1.33713
1.54126
1.59018
1.57238
1.43524
1.60411
1.75332
1.41782
1.27484
1.41088
1.44248
1.44611
1.69898
1.42515
1.62552
1.79304
1.8023
1.35853
1.5102
1.694
1.44117
1.47463
1.65754
1.5618
1.54196
1.25519
1.30285
1.43775
1.32322
1.38267
1.57345
1.40581
1.63879
1.72393
1.28005
1.43153
1.48445
1.30414
1.40381
1.5385
1.45668
1.63587
1.24874
1.77082
1.66311
1.32577
1.44423
1.40974
1.59574
1.76937
1.44467
1.2155
1.36356
1.59134
1.42219
1.73371
1.5697
1.59825
1.22867
1.32399
1.42664
1.53931
1.35467
1.58673
1.62631
1.15948
1.5146
1.76644
1.85827
1.45232
1.58892
1.65673
1.37349
1.61956
1.72289
1.42185
1.59963
1.45005
1.83115
1.53019
1.56431
1.47729
1.46
1.63119
1.5485
1.32958
1.3563
1.32715
1.51647
1.54246
1.4297
2.02121
1.49486
1.83533
1.64634
1.50944
1.62206
1.39717
1.54767
1.52486
1.64262
1.4403
1.44952
1.29832
1.79708
1.34372
1.4962
1.71919
1.46055
1.43501
1.52565
1.54708
1.52762
1.36307
1.55038
1.78966
1.66257
1.3962
1.59712
1.48908
1.32152
1.27804
1.69168
1.3233
1.37937
1.47853
1.46862
1.51105
1.63456
1.55609
1.31036
1.60959
1.20297
1.59352
1.41077
1.99609
1.55837
1.66403
1.26943
1.91402
1.39711
1.6096
1.40871
1.45578
1.33956
1.78363
1.33799
1.84221
1.47255
1.60796
1.58195
1.36104
1.60637
1.7454
1.51575
1.45049
1.68023
1.43087
1.53618
1.5005
1.56942
1.4885
1.49974
1.62479
1.26716
1.41825
1.56732
1.90483
1.81306
1.55277
1.58441
1.50947
1.20955
1.51744
1.37426
1.49356
1.57283
1.44854
1.47221
1.70081
1.7873
1.35926
1.28985
1.47892
1.21731
1.51731
1.37443
1.41468
1.46106
1.44322
1.40766
1.74543
1.50801
1.49787
1.55536
1.40441
1.60068
1.79223
1.55903
1.3822
1.29561
1.5325
1.35665
1.64839
1.55588
1.70362
1.61932
1.42323
1.33246
1.61128
1.59509
1.41606
1.19026
1.62779
1.72961
1.21101
1.8368
1.45881
1.37004
1.37633
1.35507
1.5554
1.79324
1.90196
1.46281
1.64459
1.5178
1.42974
1.37516
1.37035
1.55741
1.39938
1.64779
1.34543
1.5095
1.67098
1.66761
1.70318
1.14078
1.61185
1.43071
1.56599
1.36183
1.51894
1.56565
1.32356
1.70087
1.44456
1.30719
1.40811
1.6986
1.55596
1.21514
1.68248
1.4276
1.36015
1.06633
1.5974
1.52196
1.46163
1.61303
1.42612
1.32863
1.66646
1.3901
1.31467
1.17027
1.52044
1.4662
1.54728
1.35971
1.56784
1.25922
1.49461
1.28127
1.53196
1.4363
1.51199
1.268
1.56779
1.4347
1.59529
1.57733
1.48913
1.31674
1.84906
1.6554
1.50696
1.44384
1.48297
1.56234
1.61021
1.61583
1.34917
1.54911
1.38178
1.57442
1.23999
1.9531
1.45927
1.66523
1.6441
1.52125
1.67193
1.52742
1.6781
1.39889
1.5149
1.69921
1.45098
1.2663
1.48618
1.58733
1.28423
1.39348
1.63487
1.58719
1.34222
1.55642
1.61664
1.48057
1.48464
1.62411
1.62893
1.50231
1.53216
1.43045
1.79092
1.69002
1.547
1.53002
1.27284
1.56008
1.81627
1.47249
1.71187
1.28571
1.88837
1.73486
1.53027
1.36876
1.46308
1.73281
1.42225
1.48196
1.79591
1.38069
1.5143
1.55138
1.41741
1.16281
1.4283
1.40036
1.34516
1.61621
1.61265
1.57627
2.02896
1.57241
1.52354
1.75126
1.55574
1.49047
1.59202
1.42147
1.75144
1.46931
1.52144
1.55211
1.57767
1.51283
1.67451
2.0835
1.45364
1.59938
1.31042
1.60879
1.50015
1.61277
1.49155
1.5394
1.37201
1.76792
1.4833
1.51324
1.42676
1.22562
1.60196
1.61185
1.39808
1.54719
1.3998
1.43503
1.4842
1.53412
1.57769
1.3912
1.07569
1.46706
1.69629
1.28364
1.52392
1.43134
1.55087
1.75559
1.43189
1.25298
1.31608
1.47821
1.60662
1.57946
1.40019
1.27607
1.79763
1.61815
1.57438
1.64391
1.63224
1.55319
1.46566
1.73214
1.50579
1.73095
1.55324
1.79039
1.44799
1.71715
1.29861
1.63735
1.51578
1.68267
1.43803
1.65673
1.76788
1.72204
1.40037
1.35066
1.5354
1.70121
1.48305
1.64821
1.64174
1.58743
1.66004
1.67078
1.39935
1.38773
1.50706
1.77476
1.38062
1.63565
1.50032
1.71033
1.38489
1.80011
1.44287
1.78179
1.71391
1.48498
1.34807
1.53171
1.35567
1.53102
1.41497
1.46973
1.46462
1.48513
1.54594
1.29604
1.50442
1.49906
1.65358
1.79973
1.46349
1.60307
1.75153
1.55562
1.43703
1.48123
1.7221
1.63473
1.41788
1.24105
1.60735
1.70923
1.48871
1.41789
1.43807
1.492
1.23835
1.39541
1.67406
1.56485
1.36412
1.53732
1.37689
1.39494
1.32919
1.41421
1.54059
1.0765
1.56724
1.89454
1.29455
1.41315
1.41468
1.40368
1.43201
1.45166
1.69721
1.60003
1.40255
1.22531
1.72713
1.14343
1.48746
1.41194
1.50985
1.41615
1.35342
1.56239
1.38039
1.39255
1.79044
1.56553
1.37043
1.38125
1.83141
1.32757
1.43291
1.70823
1.72778
1.72165
1.44358
1.32035
1.46731
1.38654
1.55897
1.90545
1.45342
1.73954
1.38948
1.42158
1.47452
1.51179
1.71316
1.48949
1.55316
1.53165
1.68584
1.27378
1.2126
1.33868
1.60941
1.91453
1.75463
1.74118
1.93393
1.41471
1.58798
1.35513
1.35358
1.4941
1.70865
1.39835
1.57477
1.572
1.63556
1.74222
1.27085
1.60942
1.65978
1.05047
1.38539
1.53082
1.5945
1.67212
1.5961
1.36073
1.31067
1.49836
1.42889
1.33883
1.27429
1.7983
1.57555
1.54567
1.55573
1.46492
1.46864
1.55541
1.4737
1.71566
1.60717
1.70794
1.44314
1.42415
1.47194
1.53015
1.51136
1.5408
1.27744
1.56322
1.44203
1.47878
1.57209
1.6566
1.59602
1.72752
1.35769
1.38824
1.68674
1.68918
1.44808
1.38374
1.48149
1.62642
1.44782
1.45251
1.50198
1.48398
1.49161
1.53122
1.54955
1.47784
1.31198
1.34707
1.64891
1.32366
1.67658
1.53681
1.2619
1.55789
1.72589
1.63768
1.32889
1.60031
1.54759
1.78108
1.41733
1.77644
1.69983
1.5244
1.51255
1.76872
1.58387
1.55669
1.41836
1.36851
1.62881
1.40555
1.40318
1.45645
1.3249
1.5403
1.52347
1.70145
1.4535
1.73385
1.52654
1.49553
1.38149
2.02021
1.41578
1.54235
1.54552
1.68645
1.61385
1.36442
1.50874
1.31793
1.68761
1.28968
1.31083
1.33109
1.48106
1.30027
1.30801
1.43839
1.41597
1.27415
1.623
1.57443
1.7865
1.55519
1.7203
1.19332
1.44891
1.4031
1.36046
1.91196
1.56752
1.52525
1.32946
1.39751
1.75047
1.64404
1.40197
1.34917
1.40746
1.41573
1.50164
1.81125
1.15893
1.35522
1.57809
1.27546
1.37537
1.66485
1.54979
1.39233
1.29007
1.3364
1.65999
1.42315
1.41742
1.5683
1.45522
1.31559
1.7799
1.40596
1.26762
1.54892
1.90485
1.64265
1.35261
1.27784
1.35631
1.67327
1.52246
1.64265
1.40583
1.29486
1.40575
1.68337
1.63644
1.49663
1.64142
1.74136
1.66534
1.55784
1.42292
1.46296
1.38368
1.42852
1.49617
1.70994
1.47124
1.5679
1.52527
1.61559
1.44989
1.5678
1.45488
1.5177
1.47747
1.35478
1.55238
1.23313
1.5513
1.60206
1.54826
1.45123
1.47338
1.39372
1.59792
1.42376
1.50558
1.37032
1.65972
1.62602
1.39591
1.35872
1.72554
1.80346
1.23068
1.31447
1.57541
1.68738
1.65629
1.35743
1.27912
1.35728
1.46339
1.51601
1.35706
1.57721
1.55446
1.49285
1.44667
1.31047
1.30269
1.62528
1.40677
1.58239
1.6372
1.57516
1.47587
1.61037
1.61553
1.54647
1.70922
1.29835
1.52353
1.5223
1.55183
1.74624
1.50688
1.18436
1.45563
1.36555
1.32495
1.22394
1.5092
1.47671
1.43244
1.36918
1.56787
1.58395
1.83981
1.60064
1.38953
1.5248
1.59282
1.66293
1.47472
1.66182
1.52689
1.83607
1.43669
1.53264
1.34342
1.2802
1.68438
1.27452
1.26946
1.4211
1.43283
1.46475
1.16149
1.401
1.38038
1.25664
1.55461
1.52286
1.22762
1.31077
1.82472
1.43738
1.41941
1.48914
1.45792
1.47186
1.22813
1.39479
1.50139
1.67952
1.70293
1.5391
1.4441
1.34881
1.24072
1.47039
1.53558
1.23648
1.54251
1.76904
1.58545
1.04289
1.39778
1.59927
1.39509
1.44901
1.43883
1.3716
1.55085
1.42772
1.51871
1.58271
1.62067
1.58245
1.53214
1.7274
1.46055
1.53613
1.51047
1.67142
1.46407
1.26815
1.36963
1.6704
1.56078
1.25348
1.55036
1.47754
1.45002
1.71431
1.58649
1.46656
1.46894
1.34784
1.27199
1.67447
1.57386
1.44302
1.5472
1.46421
1.54216
1.4305
1.37212
1.46441
1.47736
1.22714
1.66577
1.4073
1.72868
1.20675
1.23972
1.59422
1.51197
1.36329
1.59837
1.45983
1.47821
1.14671
1.31212
1.69917
1.56091
1.40227
1.58869
1.47474
1.49498
1.44526
1.48785
1.32719
1.54039
1.54215
1.3498
1.45287
1.68446
1.52435
1.17018
1.5779
1.29638
1.51443
1.20524
1.3697
1.57001
1.4677
1.44942
1.55081
1.65948
1.46095
1.69975
1.41389
1.45066
1.4665
1.6084
1.32532
1.74984
1.52689
1.40403
1.64551
1.58296
1.62006
1.31164
1.77683
1.40286
1.60888
1.34119
1.53313
1.49397
1.37366
1.20209
1.56606
1.45906
1.39089
1.53666
1.50595
1.61594
1.41346
1.46644
1.47939
1.20218
1.44937
1.53706
1.61315
1.65714
1.40158
1.6636
1.38034
1.52451
1.35146
1.5689
1.57905
1.56974
1.82968
1.33251
1.22783
1.61243
1.83904
1.52357
1.36233
1.15869
1.33719
1.47832
1.8198
1.38351
1.39009
1.53081
1.43673
1.44608
1.49446
1.30756
1.3763
1.56142
1.51114
1.24053
1.55392
1.42085
1.77126
1.29602
1.47595
1.82496
1.53319
1.38709
1.5183
1.31184
1.59357
1.14951
1.54322
1.91049
1.41327
1.98201
1.26507
1.70886
1.28269
1.5042
1.54394
1.60718
1.20318
1.38515
1.44972
1.59101
1.45823
1.5851
1.43638
1.35243
1.34447
1.57225
1.71572
1.71921
1.34421
1.4745
1.33867
1.65434
1.55784
1.57786
1.4713
1.5014
1.45737
1.49651
1.60373
1.18592
1.42862
1.40065
1.77992
1.55591
1.38559
1.71479
1.27015
1.64049
1.34199
1.70798
1.41754
1.54551
1.25685
1.48411
1.61039
1.3596
1.22395
1.49475
1.60183
1.33195
1.418
1.61283
1.50835
1.21775
1.84184
1.47665
1.64648
1.53733
1.29243
1.75866
1.52673
1.62382
1.58156
1.38091
1.11848
1.53973
1.65162
1.65766
1.59797
1.43737
1.5213
1.34778
1.55497
1.16644
1.44069
1.60889
1.55157
1.48508
1.39808
1.54768
1.67822
1.89633
1.38168
1.30925
1.47193
1.35551
1.53446
1.76828
1.36623
1.70876
1.66141
1.28914
1.20821
1.31198
1.49063
1.56852
1.62048
1.272
1.41745
1.59154
1.54201
1.41035
1.58674
1.35042
1.44367
1.39537
1.36082
1.1768
1.64049
1.57371
1.35778
1.64547
1.61496
1.71619
1.59432
1.25268
1.42962
1.51082
1.37149
1.56973
1.55068
1.32174
1.32223
1.2901
1.48377
1.56477
1.61878
1.39283
1.35265
1.67109
1.65803
1.56664
2.01843
1.54495
1.58454
1.42586
1.45359
1.3081
1.40203
1.75345
1.60878
1.60467
1.6527
1.74077
1.35804
1.49877
1.17182
1.33268
1.4555
1.29287
1.41208
1.5301
1.63794
1.55624
1.29815
1.32228
1.32935
1.42665
1.22715
1.56762
1.41025
1.45647
1.38109
1.57847
1.55421
1.55818
1.35518
1.54375
1.61978
1.459
1.37758
1.51289
1.63247
1.41639
1.63896
1.56504
1.48207
1.64111
1.6238
1.71521
1.71703
1.36626
1.44743
1.57982
1.47714
1.61362
1.51563
1.67162
1.64023
1.56783
1.31091
1.70736
1.40265
1.55824
1.5846
1.621
1.29796
1.44696
1.62189
1.57973
1.54752
1.34396
1.45024
1.41899
1.31612
1.42137
1.58441
1.55611
1.58388
1.00819
1.79055
1.62817
1.63664
1.65561
1.63099
1.60417
1.3794
1.27617
1.47369
1.3626
1.73272
1.79402
1.50454
1.47107
1.50573
1.73911
1.50462
1.45328
1.75382
1.40033
1.62192
1.37275
1.45327
1.59508
1.50805
1.51238
1.54778
1.686
1.52601
1.58224
1.51557
1.45923
1.63105
1.36274
1.69855
1.59802
1.4452
1.55931
1.44071
1.49659
1.52812
1.59052
1.50538
1.40892
1.53995
1.5512
1.39729
1.73697
1.31387
1.25746
1.48264
1.37354
1.60131
1.60209
1.56886
1.32245
1.39203
1.55532
1.57485
1.72738
1.30547
1.52161
1.44688
1.39507
1.40997
1.47982
1.73261
1.37455
1.39903
1.59996
1.55422
1.50528
1.3905
1.53651
1.5721
1.5049
1.46974
1.68052
1.54018
1.59093
1.84431
1.30876
1.42352
1.44757
1.52868
1.23268
1.60442
1.45351
1.42099
1.62408
1.46335
1.37813
1.5157
1.64025
1.28562
1.33908
1.75867
1.48008
1.52562
1.46006
1.6058
1.59933
1.43281
1.52522
1.73002
1.42749
1.4893
1.46198
1.39251
1.5305
1.55635
1.32817
1.5617
1.64843
1.32732
1.44832
1.50063
1.51788
1.57899
1.33657
1.18045
1.60611
1.45923
1.29135
1.40967
1.41602
1.68416
1.51016
1.61399
1.4877
1.81898
1.45359
1.51826
1.52806
1.86182
1.8109
1.52438
1.4986
1.42429
1.77016
1.693
1.2344
1.35939
1.59776
1.45832
1.48606
1.49574
1.73027
1.77854
1.55856
1.59297
1.58119
1.51012
1.88179
1.75737
1.70885
1.69095
1.48648
1.70834
1.36643
1.45053
1.37118
1.5496
1.48451
1.68941
1.54426
1.40128
1.54167
1.57764
1.54358
1.60692
1.48229
1.61746
1.57464
1.24995
1.48907
1.40792
1.52693
1.40278
1.40466
1.44165
1.7307
1.41166
1.60088
1.31157
1.53381
1.41235
1.60447
1.24656
1.55203
1.5588
1.36374
1.25212
1.63419
1.77651
1.53623
1.31961
1.52122
1.41791
1.63532
1.4003
1.51576
1.5345
1.50414
1.22718
1.35036
1.40386
1.43588
1.81291
1.34354
1.79075
1.30863
1.6304
1.85374
1.3452
1.49811
1.61047
1.68345
1.50148
1.6712
1.54221
1.26021
1.66323
1.54748
1.54473
1.59684
1.65088
1.59861
1.57962
1.4507
1.52319
1.53275
1.50056
1.48559
1.39961
1.52177
1.35328
1.25509
1.52904
1.45502
1.23147
1.48341
1.49879
1.45604
1.55932
1.43578
1.46611
1.34329
1.43664
1.55164
1.74961
1.55389
1.54491
1.35227
1.54806
1.42498
1.409
1.44322
1.34695
1.78863
1.43189
1.44398
1.99984
1.6721
1.79265
1.69482
1.66681
1.53025
1.62571
1.46121
1.6345
1.23142
1.52345
1.4087
1.63656
1.51047
1.65994
1.62699
1.62852
1.68281
1.40198
1.73974
1.51245
1.60543
1.48146
1.23313
1.17022
1.68979
1.70553
1.61551
1.48872
1.63993
1.45232
1.43669
1.24696
1.30673
1.51343
1.25151
1.77029
1.66001
1.58847
1.4167
1.76397
1.47004
1.8256
1.3797
1.72265
1.39208
1.50826
2.01019
1.39039
1.78149
1.41449
1.50447
1.49358
1.46161
1.48188
1.51815
1.54305
1.42439
1.66555
1.63697
1.22051
1.48083
1.19201
1.2498
1.40239
1.4597
1.58856
1.55408
1.40999
1.21277
1.51769
1.27905
1.37457
1.64077
1.30877
1.55792
1.51605
1.52414
1.55541
1.45285
1.5165
1.51195
1.34302
1.39968
1.56302
1.67039
1.54774
1.39355
1.50205
1.72948
1.65215
1.45112
1.61553
1.44761
1.77344
1.40925
1.48337
1.50577
1.61907
1.72727
1.70935
1.49922
1.55697
1.34372
1.34198
1.73685
1.70439
1.40033
1.60834
1.81111
1.48976
1.51046
1.33554
1.50299
1.62713
1.4848
1.53262
1.67491
1.64163
1.42407
1.35235
1.44061
1.46863
1.52006
1.32523
1.54797
1.47947
1.46021
1.54783
1.4023
1.34461
1.50777
1.30469
1.74609
1.5896
1.69727
1.37736
1.46095
1.60926
1.82574
1.39733
1.33358
1.67024
1.7397
1.56296
1.53265
1.3143
1.3358
1.44156
1.47663
1.47439
1.93633
1.43715
1.33037
1.41432
1.28304
1.50611
1.43119
1.52952
1.44351
1.29664
1.53404
1.21908
1.7862
1.60025
1.31275
1.69071
1.34937
1.36368
1.33401
1.3303
1.44889
1.2953
1.52966
1.46143
1.32666
1.38558
1.37312
1.74937
1.74919
1.34006
1.304
1.46018
1.42082
1.58063
1.47279
1.46533
1.39033
1.52948
1.3199
1.69449
1.58102
1.31948
1.65932
1.56751
1.62032
1.49317
1.63455
1.45836
1.49709
1.49078
1.29496
1.51361
1.57049
1.57968
1.78108
1.62681
1.30722
1.73867
1.26128
1.35114
1.67784
1.56589
1.35218
1.58682
1.6437
1.55685
1.58945
1.47451
1.53158
1.55634
1.40698
1.64994
1.56314
1.55088
1.68572
1.86952
1.27014
1.72133
1.29269
1.20855
1.76519
1.22242
1.57683
1.36239
1.52538
1.43538
1.67582
1.41061
1.34941
1.49436
1.38147
1.35643
1.37713
1.4836
1.65448
1.50764
1.63849
1.37091
1.47263
1.53796
1.55108
1.52953
1.27144
1.79606
1.22322
1.58506
1.47433
1.53461
1.69521
1.51058
1.63639
1.40869
1.04391
1.4156
1.38515
1.50013
1.67722
1.51482
1.52456
1.87293
1.47131
1.33382
1.37449
1.75322
1.50683
1.49756
1.5581
1.63907
1.48422
1.48319
1.44121
1.7738
1.36981
1.45152
1.29201
1.30549
1.59067
1.6435
1.39521
1.40489
1.7493
1.5985
1.41758
1.49324
1.18291
1.60666
1.71987
1.64861
1.48057
1.35646
1.70908
1.47621
1.52133
1.7356
1.66543
1.70398
1.73008
1.27604
1.69899
1.49085
1.23505
1.6122
1.67906
1.43111
1.17735
1.58278
1.61252
1.50257
1.53504
1.30204
1.43915
1.66919
1.49446
1.39496
1.37554
1.52141
1.54515
1.31549
1.38559
1.27873
1.59125
1.69409
1.43778
1.79028
1.45482
1.50114
1.26972
1.63467
1.38797
1.20012
1.71547
1.36011
1.38775
1.49207
1.73648
1.25678
1.42512
1.51016
1.51865
1.52789
1.40416
1.71986
1.53147
1.43022
1.43124
1.52384
1.73011
1.4264
1.43215
1.68191
1.84655
1.25324
1.56032
1.46112
1.62912
1.39603
1.4243
1.38585
1.49443
1.59865
1.65945
1.45783
1.58281
1.44093
1.4122
1.52555
1.53218
1.41597
1.41673
1.72409
1.69295
1.67563
1.50458
1.46138
1.88303
1.50028
1.40848
1.29577
1.46654
1.49801
1.49183
1.72973
1.35921
1.60653
1.48656
1.67241
1.51731
1.25679
1.63692
1.5518
1.48728
1.45446
1.45344
1.59133
1.29819
1.477
1.56426
1.5097
1.41544
1.58404
1.59566
1.15713
1.59092
1.51955
1.29646
1.57031
1.42483
1.37217
1.77485
1.63405
1.24884
1.44646
1.4272
1.53133
1.49895
1.74039
1.42973
1.64713
1.65799
1.34708
1.59104
1.51702
1.30844
1.71121
1.56487
1.48293
1.71017
1.28634
1.45471
1.39012
1.62916
1.26925
1.28367
1.48179
1.47613
1.51709
1.60785
1.37327
1.48323
1.20866
1.31351
1.87841
1.61973
1.62365
1.35523
1.60555
1.60968
1.35534
1.39357
1.37147
1.52556
1.49748
1.49665
1.6221
1.41765
1.43157
1.27913
1.50339
1.4818
1.43969
1.42879
1.63701
1.6832
1.41059
1.55891
1.54112
1.63426
1.3883
1.5013
1.57058
1.80731
1.31678
1.3771
1.46517
1.60145
1.25317
1.53838
1.8492
1.50695
1.3275
1.33764
1.58547
1.83988
1.4081
1.28725
1.67807
1.09271
1.60673
1.52
1.11423
1.5428
1.35075
1.58483
1.49424
1.43411
1.4121
1.15878
1.50767
1.79672
1.42791
1.27997
1.63839
1.32356
1.45196
1.4882
1.35132
1.60427
1.67207
1.45634
1.66408
1.59297
1.59926
1.4491
1.38894
1.53202
1.62054
1.47856
1.60614
1.83775
1.30694
1.30296
1.38237
1.34481
1.51877
1.27429
1.44384
1.5462
1.57201
1.52586
1.59581
1.33363
1.51647
1.66312
1.51452
1.40466
1.36267
1.35708
1.19119
1.43567
1.61838
1.65888
1.7993
1.35941
1.79539
1.48518
1.53394
1.4604
1.40751
1.28984
1.64167
1.45128
1.64378
1.48895
1.63493
1.48384
1.61483
1.49437
1.57714
1.28712
1.48925
1.49221
1.46227
1.61701
1.56671
1.463
1.31628
1.39094
1.57291
1.47658
1.50555
1.531
1.5416
1.43999
1.42887
1.37646
1.24519
1.32121
1.66084
1.34383
1.4552
1.68872
1.57304
1.85501
1.42953
1.30265
1.51468
1.55507
1.59254
1.56336
1.64892
1.35003
1.45902
1.40374
1.50308
1.24363
1.46125
1.39673
1.8878
1.54463
1.3643
1.69192
1.55958
1.30663
1.47977
1.70165
1.32297
1.65627
1.77252
1.61564
1.62068
1.50484
1.44539
1.3927
1.76564
1.61795
1.6871
1.50279
1.45745
1.33434
1.56026
1.59128
1.49492
1.51571
1.82945
1.41625
1.49402
1.58441
1.62272
1.31164
1.24468
1.56123
1.66023
1.52548
1.56887
1.82649
1.59659
1.40012
1.34448
1.50396
1.49646
1.40645
1.7622
1.50946
1.55167
1.83582
1.57726
1.70395
1.50532
1.37692
1.61457
1.49069
1.33166
1.22894
1.38419
1.3505
2.12156
1.42275
1.41455
1.64223
1.81878
1.41878
1.73343
1.60677
1.42057
1.42679
1.54668
1.75957
1.45616
1.54534
1.64125
1.70318
1.43671
1.4015
1.5481
1.78268
1.33862
1.72108
1.30646
1.72802
1.3943
1.61883
1.66644
1.54376
1.46864
1.49948
1.39742
1.60733
1.76753
1.30062
1.33591
1.28695
1.34825
1.37288
1.47848
1.82163
1.31388
1.73681
1.54268
1.43397
1.42326
1.50537
1.63611
1.49103
1.48935
1.52822
1.83631
1.39293
1.39846
1.45512
1.44642
1.37105
1.40676
1.61468
1.52515
1.56415
1.38016
1.55517
1.5963
1.29935
1.62293
1.67708
1.47642
1.46649
1.45399
1.28009
1.48889
1.59693
1.80187
1.51889
1.61248
1.65381
1.31172
1.38668
1.39861
1.48075
1.37534
1.31743
1.33353
1.54157
1.64657
1.45488
1.6142
1.43878
1.28537
1.17743
1.2265
1.32772
1.35909
1.45796
1.38197
1.63292
1.54408
1.61564
1.51665
1.54826
1.62283
1.63483
1.53079
1.47896
1.46231
1.48396
1.3031
1.59183
1.18517
1.34391
1.5341
1.4962
1.55645
1.58085
1.43548
1.8477
1.28346
1.54746
1.64821
1.59748
1.36062
1.27765
1.74764
1.53182
1.47247
1.32533
1.54057
1.62006
1.63811
1.29351
1.28865
1.57772
1.48874
1.71143
1.32539
1.27261
1.59705
1.59636
1.45081
1.79814
1.57708
1.44649
1.59642
1.15435
1.46109
1.55871
1.4774
1.56195
1.34443
1.67589
1.32866
1.4275
1.33157
1.37189
1.57643
1.62471
1.23438
1.57581
1.6251
1.63078
1.41642
1.65838
1.52631
1.52754
1.40218
1.5539
1.5172
1.42155
1.61533
1.57756
1.4805
1.51167
1.49816
1.4569
1.34279
1.27786
1.54707
1.50886
1.39305
1.46418
1.58076
1.26402
1.56977
1.51555
1.46444
1.5528
1.52193
1.3689
1.42943
1.30909
1.95703
1.33476
1.63763
1.38293
1.37004
1.6621
1.34034
1.34793
1.77594
1.50642
1.37338
1.48671
1.33758
1.69798
1.29593
1.41834
1.63642
1.50589
1.33156
1.29191
1.53817
1.30549
1.34737
1.38974
1.34311
1.4534
1.48838
1.31032
1.3049
1.35518
1.64986
1.46938
1.9513
1.63438
1.48404
1.74971
1.41542
1.35185
1.538
1.34375
1.38681
1.37079
1.71197
1.25002
1.49243
1.564
1.47521
1.62307
1.46459
1.52969
1.40268
1.41594
1.49841
1.35804
1.50227
1.54632
1.59099
1.55631
1.52893
1.40453
1.51671
1.3664
1.32836
1.50955
1.25955
1.54333
1.49682
1.33146
1.4037
1.51631
1.32166
1.30502
1.25919
1.36902
1.62449
1.30588
1.40193
1.58907
1.48022
1.48282
1.52541
1.39108
1.29611
1.47241
1.71175
1.40475
1.34487
1.42798
1.65281
1.55279
1.46612
1.39965
1.63485
1.25436
1.38302
1.49532
1.6156
1.47969
1.52263
1.20451
1.49871
1.62725
1.65757
1.647
1.47388
1.46186
1.30199
1.41133
1.42645
1.4516
1.49859
1.46412
1.34359
1.31836
1.64627
1.47676
1.47215
1.34295
1.52396
1.40901
1.44083
1.28837
1.50372
1.55415
1.69057
1.48826
1.65027
1.36888
1.45944
1.52175
1.22229
1.57415
1.54735
1.65901
1.28827
1.42643
1.58048
1.44315
1.47803
1.41314
1.29428
1.41593
1.16583
1.83122
1.64786
1.20874
1.43944
1.44385
1.30495
1.76592
1.44722
1.7511
1.34366
1.42657
1.46675
1.47072
1.50897
1.42767
1.69942
1.29047
1.12193
1.38218
1.42011
1.57724
1.60448
1.57801
1.34764
1.40799
1.57403
1.52928
1.53153
1.44946
1.1982
1.64116
1.54613
1.29236
1.26408
1.37113
1.79305
1.49898
1.49937
1.57048
1.42439
1.56782
1.42689
1.71174
1.61105
1.28245
1.36427
1.53352
1.20476
1.66193
1.34096
1.3721
1.61331
1.69065
1.50206
1.58205
1.67285
1.63701
1.6333
1.42013
1.55321
1.58761
1.4922
1.3318
1.32731
1.66232
1.51686
1.55622
1.49218
1.66281
1.61351
1.63167
1.45462
1.35456
1.51522
1.39562
1.74614
1.40809
1.39311
1.48113
1.36502
1.54905
1.71616
1.55094
1.67123
1.65387
1.44177
1.51562
1.35293
1.72644
1.6014
1.32492
1.74752
1.59718
1.41269
1.36277
1.45449
1.647
1.43623
1.49396
1.71209
1.69745
1.38005
1.26949
1.45584
1.60455
1.62567
1.47047
1.43627
1.2725
1.54647
1.34207
1.49164
1.48979
1.72612
1.66967
1.61069
1.38829
1.48329
1.64515
1.6954
1.43699
1.4127
1.74273
1.64342
1.44867
1.30488
1.79681
1.46267
1.46919
1.46992
1.65764
1.3783
1.46737
1.66812
1.64863
1.47149
1.53297
1.69819
1.77966
1.40549
1.55338
1.40119
1.46277
1.45695
1.8433
1.52712
1.65909
1.44693
1.44113
1.54135
1.56084
1.22456
1.53052
1.36644
1.36555
1.7929
1.35866
1.51196
1.38425
1.78583
1.49377
1.472
1.48082
1.56506
1.37432
1.61775
1.41949
1.43333
1.63021
1.62528
1.42754
1.55178
1.46644
1.40172
1.66084
1.54969
1.43273
1.46237
1.63437
1.63608
1.5106
1.43303
1.40793
1.66876
1.27592
1.36668
1.69003
1.34166
1.35532
1.60754
1.25479
1.39411
1.23316
1.5126
1.54017
1.21796
1.39456
1.41588
1.43601
1.51744
1.64193
1.22383
1.4164
1.76145
1.30549
1.71163
1.47942
1.56367
1.53021
1.53323
1.92858
1.47931
1.39529
1.50561
1.12879
1.65316
1.34036
1.41446
1.42151
1.28854
1.43628
1.36481
1.53866
1.55552
1.49762
1.53591
1.50801
1.46166
1.39261
1.45821
1.34846
1.41701
1.6853
1.47654
1.44264
1.57384
1.44508
1.40709
1.41305
1.59207
1.56937
1.51347
1.49131
1.55923
1.50227
1.51162
1.5402
1.59974
1.38492
1.50077
1.38752
1.31703
1.50533
1.64959
1.3567
1.60808
1.57693
1.56865
1.33092
1.58693
1.53021
1.68094
1.43884
1.59339
1.5957
1.5202
1.32693
1.58849
1.41693
1.50095
1.19138
1.37055
1.41199
1.38856
1.49323
1.63934
1.47012
1.44656
1.4995
1.46205
1.33023
1.55147
1.41478
1.52568
1.46759
1.50924
1.47499
1.48772
1.43131
1.57102
1.58686
1.51504
1.3466
1.50927
1.71462
1.64954
1.48019
1.31851
1.49062
1.42632
1.36559
1.52079
1.39955
1.75982
1.44086
1.60095
1.46911
1.34379
1.22431
1.32764
1.47983
1.55076
1.44171
1.60529
1.3171
1.42234
1.52174
1.63593
1.43003
1.50188
1.58981
1.70394
1.50685
1.71978
1.56225
1.72615
1.40744
1.57146
1.24996
1.47224
1.4443
1.44811
1.47281
1.45498
1.6823
1.28027
1.8961
1.11119
1.67766
1.62344
1.53058
1.49081
1.53401
1.7173
1.42259
1.48408
1.59656
1.58812
1.47254
1.53238
1.66808
1.72712
1.4089
1.42312
1.45828
1.56221
1.45538
1.46175
1.51238
1.73531
1.35017
1.34135
1.73906
1.17324
1.29966
1.53659
1.41972
1.38765
1.71539
1.41173
1.50224
1.60465
1.48136
1.22992
1.33568
1.40597
1.74244
1.4457
1.5373
1.28268
1.64657
1.53382
1.83055
1.70148
1.24756
1.36832
1.61632
1.42214
1.69348
1.49832
1.44432
1.32642
1.40884
1.73291
1.39653
1.44658
1.41941
1.57963
1.30047
1.26945
1.5118
1.55955
1.74799
1.55568
1.65263
1.58227
1.54723
1.48739
1.48665
1.47547
1.56012
1.27448
1.45719
1.56969
1.33984
1.63513
1.62178
1.55942
1.51814
1.60656
1.53193
1.61703
1.43236
1.44138
1.22483
1.45805
1.64034
1.59874
1.48359
1.32198
1.59096
1.84592
1.33654
1.4353
1.28051
1.65294
1.55996
1.44081
1.39523
1.6619
1.48614
1.35078
1.54519
1.37618
1.52136
1.3825
1.59112
1.54673
1.42146
1.7512
1.56262
1.51322
1.43818
1.40451
1.47303
1.36184
1.16721
1.71219
1.30295
1.46486
1.46323
1.55986
1.57748
1.52904
1.49283
1.22711
1.39052
1.532
1.37787
1.60386
1.57587
1.50743
1.5829
1.38759
1.45095
1.51701
1.52117
1.72104
1.34624
1.60083
1.52676
1.57416
1.63044
1.56965
1.42563
1.4122
1.34682
1.58446
1.45222
1.47038
1.43904
1.41657
1.39075
1.50843
1.38962
1.39121
1.4259
1.35326
1.65059
1.58099
1.35029
1.45653
1.45069
1.36111
1.72986
1.2581
1.60234
1.60733
1.60835
1.47617
1.62711
1.20184
1.41958
1.51122
1.48347
1.3687
1.49606
1.66252
1.32519
1.42479
1.5303
1.68108
1.35246
1.41164
1.51716
1.55576
1.35387
1.39543
1.60507
1.30701
1.67825
1.55094
1.25763
1.59731
1.52046
1.55798
1.5266
1.67792
1.48841
1.77366
1.45314
1.46903
1.5009
1.4359
1.59719
1.28671
1.47081
1.55866
1.69431
1.35079
1.41647
1.54526
1.61207
1.40232
1.4278
1.46672
1.67313
1.51553
1.39087
1.51847
1.32497
1.52675
1.43675
1.22253
1.52303
1.62485
1.72176
1.55537
1.407
1.58983
1.52435
1.54854
1.43224
1.28987
1.78051
1.15246
1.44711
1.4908
1.50806
1.32106
1.50276
1.31715
1.60772
1.25146
1.71112
1.34614
1.14881
1.5434
1.2681
1.18443
1.3712
1.4301
1.30688
1.42648
1.50831
1.14732
1.6266
1.75149
1.3903
1.39782
1.33316
1.85263
1.54323
1.47447
1.45603
1.3561
1.30526
1.31495
1.4486
1.92723
1.4955
1.4409
1.1962
1.4244
1.71509
1.52104
1.59356
1.4962
1.37478
1.46455
1.31414
1.68237
1.63121
1.3776
1.47167
1.4673
1.53794
1.80008
1.54903
1.47097
1.61539
1.23923
1.48751
1.69643
1.65168
1.62784
1.4392
1.56909
1.69675
1.44496
1.7088
1.53555
1.45363
1.48571
1.57433
1.76888
1.46392
1.54406
1.59088
1.57655
1.33801
1.50138
1.58052
1.33522
1.52959
1.37654
1.57955
1.70079
1.48553
1.34801
1.58584
1.62775
1.38818
1.59264
1.62912
1.45657
1.40695
1.31015
1.58852
1.4569
1.4321
1.45676
1.47027
1.84206
1.32687
1.56946
1.92878
1.6154
1.61077
1.41184
1.65991
1.32626
1.40296
1.40757
1.756
1.31575
1.69984
1.44788
1.66584
1.7584
1.48471
1.27383
1.51722
1.57744
1.76208
1.37996
1.37634
1.72859
1.44777
1.72603
1.28329
1.32729
1.51203
1.39396
1.44065
1.82205
1.65931
1.61535
1.3307
1.20836
1.28049
1.73164
1.55298
1.30406
1.55326
1.42828
1.42627
1.41634
1.77416
1.68274
1.74902
1.80451
1.44887
1.20989
1.60619
1.41936
1.39029
1.59013
1.40335
1.55309
1.33277
1.53805
1.37612
1.4752
1.50865
1.7152
1.82889
1.39915
1.51852
1.35153
1.54086
1.48244
1.35207
1.524
1.49115
1.60596
1.55001
1.15655
1.52516
1.51629
1.40793
1.46919
1.82868
1.57829
1.503
1.35456
1.46532
1.38209
1.58831
1.24828
1.66804
1.53006
1.33655
1.43316
1.66993
1.46344
1.38092
1.70347
1.81612
1.64688
1.39281
1.3522
1.67156
1.39473
1.49918
1.61946
1.37829
1.74417
1.37849
1.59154
1.45361
1.66638
1.47002
1.49865
1.46685
1.51025
1.69927
1.48695
1.48204
1.37904
1.40885
1.47272
1.42861
1.80124
1.44189
1.46646
1.44675
1.31552
1.59652
1.53519
1.42095
1.73213
1.5608
1.28909
1.58204
1.48886
1.17102
1.38132
1.44583
1.64085
1.45677
1.28394
1.3783
1.66377
1.45644
1.55338
1.51622
1.43437
1.55491
1.4949
1.44641
1.6694
1.551
1.61095
1.4727
1.37844
1.40791
1.63375
1.53735
1.80236
1.26473
1.53007
1.2017
1.59003
1.58491
1.5629
1.43031
1.64824
1.47284
1.66277
1.56863
1.66257
1.40942
1.33047
1.40564
1.62663
1.27624
1.26953
1.57077
1.78323
1.35013
1.30066
1.42797
1.76633
1.42195
1.65626
1.31011
1.80778
1.49932
1.39891
1.50567
1.42729
1.41899
1.29887
1.47875
1.4155
1.52236
1.3927
1.40927
1.63795
1.79319
1.47377
1.67764
1.68848
1.64514
1.50569
1.41971
1.65501
1.49125
1.24772
1.46816
1.48303
1.54519
1.48207
1.69091
1.63336
1.37771
1.37094
1.39167
1.49398
1.47879
1.64589
1.19912
1.49111
1.40299
1.68791
1.31927
1.40576
1.51966
1.48952
1.5832
1.40392
1.54142
1.42021
1.56195
1.57325
1.4178
1.54765
1.24553
1.65569
1.34037
1.31722
1.51476
1.48943
1.27782
1.49299
1.40979
1.72252
1.5774
1.76442
1.86789
1.25077
1.56252
1.40114
1.53055
1.58716
1.25522
1.66558
1.37283
1.59141
1.47725
1.71924
1.69689
1.60655
1.50053
1.49298
1.38514
1.46013
1.66529
1.29587
1.43555
1.38192
1.42792
1.71067
1.78233
1.70542
1.38595
1.75398
1.463
1.35237
1.21295
1.68141
1.44159
1.66752
1.51819
1.40589
1.56136
1.59826
1.58329
1.55372
1.4248
1.50787
1.2508
1.58635
1.83389
1.6442
1.45184
1.32164
1.42071
1.54736
1.62196
1.04723
1.52096
1.45641
1.67092
1.2956
1.33779
1.54812
1.67433
1.54867
1.54035
1.4187
1.73368
1.57503
1.50461
1.74939
1.46944
1.60045
1.50333
1.66451
1.46928
1.58541
1.50709
1.41596
1.37001
1.2979
1.46774
1.42109
1.75597
1.46099
1.52972
1.43907
1.31407
1.22408
1.50624
1.4311
1.79988
1.64125
1.33757
1.49265
1.5585
1.78018
1.55334
1.57233
1.4685
1.33984
1.56909
1.30561
1.61281
1.35657
1.58744
1.66709
1.40403
1.66583
1.50869
1.59575
1.57427
1.52815
1.51002
1.53245
1.40463
1.63945
1.78238
1.60955
1.52473
1.60246
1.5315
1.62223
1.48094
1.52566
1.40064
1.31648
1.44859
1.49629
1.58262
1.41692
1.66211
1.54398
1.59312
1.41221
1.382
1.4246
1.37989
1.51777
1.34214
1.45656
1.48623
1.6357
1.57237
1.69355
1.46436
1.30678
1.73358
1.72318
1.32557
1.37989
1.6059
1.38924
1.30521
1.5011
1.75158
1.61733
1.31802
1.45451
1.49535
1.49646
1.58958
1.47222
1.43343
1.3606
1.44912
1.3129
1.7082
1.48552
1.45634
1.70181
1.43431
1.68905
1.62341
1.71587
1.25422
1.59153
1.6562
1.52604
1.37161
1.43261
1.59863
1.50364
1.52238
1.45531
1.72774
1.58168
1.46653
1.43212
1.42599
1.54334
1.62652
1.66218
1.46978
1.45294
1.46414
1.49624
1.49985
1.46606
1.7148
1.52923
1.54529
1.61393
1.47318
1.47399
1.30274
1.56429
1.41851
1.27482
1.12864
1.61469
1.40378
1.66388
1.55767
1.16015
1.51839
1.55027
1.58242
1.42871
1.4182
1.46212
1.28522
1.61126
1.47918
1.49943
1.63228
1.78726
1.33131
1.63694
1.4279
1.63181
1.56889
1.30605
1.55818
1.37531
1.30335
1.34203
1.29284
1.60425
1.47992
1.6114
1.50129
1.27876
1.48001
1.51255
1.56655
1.31324
1.54512
1.351
1.48866
1.33738
1.35686
1.45628
1.63868
1.23829
1.31319
1.45601
1.72701
1.67315
1.57465
1.64356
1.30716
1.61364
1.55714
1.60309
1.6765
1.3374
1.58048
1.38126
1.31929
1.60549
1.4683
1.5474
1.63388
1.52992
1.57929
1.79713
1.66675
1.59389
1.60788
1.35143
1.45717
1.6332
1.53963
1.40952
1.42447
1.54553
1.42581
1.52602
1.3158
1.47718
1.65212
1.37344
1.71069
1.51202
1.53375
1.73356
1.58309
1.307
1.65437
1.45084
1.5405
1.41922
1.35784
1.50598
1.5851
1.57758
1.40263
1.14545
1.84688
1.31591
1.31233
1.55395
1.38931
1.55885
1.69151
1.37639
1.60436
1.64479
1.58678
1.49383
1.5076
1.58902
1.33042
1.27408
1.63171
1.45487
1.33602
1.41132
1.65676
1.58633
1.45002
1.44758
1.87453
1.47991
1.66017
1.56834
1.52851
1.44036
1.5739
1.68967
1.39887
1.30713
1.28792
1.46799
1.34169
1.30201
1.58638
1.55278
1.57724
1.46072
1.31541
1.6074
1.59933
1.41645
1.56772
1.27225
1.29502
1.34255
1.74191
1.42932
1.5945
1.27264
1.30648
1.60419
1.53189
1.6062
1.37347
1.50146
1.26397
1.298
1.85009
1.50992
1.54348
1.6269
1.56624
1.26288
1.55084
1.46539
1.35559
1.51776
1.39346
1.61893
1.37733
1.49151
1.29079
1.64536
1.45896
1.66071
1.7593
1.34117
1.3203
1.58582
1.50526
1.46709
1.5344
1.21014
1.55572
1.90005
1.62009
1.30005
1.7418
1.61049
1.77396
1.71319
1.54956
1.53402
1.356
1.45422
1.19037
1.52301
1.43803
1.3137
1.61134
1.50924
1.5412
1.45536
1.4655
1.62594
1.44768
1.58135
1.31412
1.2929
1.79372
1.28755
1.4801
1.34712
1.5404
1.46974
1.52704
1.66017
1.52144
1.44519
1.60575
1.45013
1.43188
1.42669
1.37732
1.45289
1.4513
1.27076
1.41419
1.65738
1.48472
1.41195
1.39529
1.30664
1.36042
1.30397
1.41182
1.39358
1.49647
1.45234
1.50046
1.38844
1.40244
1.21854
1.59166
2.052
1.49817
1.86668
1.58805
1.4057
1.38321
1.35748
1.32349
1.52156
1.46
1.41955
1.61227
1.62758
1.50217
1.64485
1.51589
1.39038
1.24957
1.56895
1.31529
1.6938
1.42227
1.52054
1.43509
1.64671
1.66611
1.4033
1.49105
1.4627
1.52876
1.54839
1.51239
1.51081
1.23291
1.38318
1.46254
1.58039
1.60177
1.45175
1.59981
1.60792
1.53415
1.55484
1.5418
1.58938
1.19794
1.22871
1.4602
1.76193
1.40971
1.3478
1.36761
1.33552
1.56377
1.34183
1.75106
1.64208
1.39076
1.52088
1.84915
1.3689
1.41859
1.47992
1.3299
1.42004
1.67514
1.34925
1.37853
1.59907
1.4581
1.46591
1.38584
1.60074
1.46795
1.27266
1.31256
1.58877
1.5521
1.51817
1.46211
1.35623
1.68694
1.39209
1.45074
1.42779
1.30802
1.35702
1.73296
1.81556
1.29648
1.38554
1.43531
1.59469
1.4984
1.38013
1.44124
1.53953
1.26473
1.38621
1.47845
1.47934
1.29367
1.63122
1.44844
1.47746
1.47552
1.68687
1.56789
1.28809
1.62764
1.64761
1.61712
1.43568
1.4735
1.4597
1.91509
1.37881
1.27336
1.68072
1.51588
1.60467
1.76146
1.47109
1.38356
1.63831
1.17616
1.35644
1.45167
1.6617
1.53148
1.64872
1.43234
1.32086
1.2145
1.51268
1.44748
1.51309
1.50032
1.33338
1.47846
1.61779
1.54236
1.54328
1.58364
1.39305
1.35687
1.42157
1.53233
1.53368
1.50696
1.45548
1.50683
1.50351
1.57603
1.43837
1.50155
1.50656
1.48423
1.63729
1.33084
1.34358
1.80952
1.50251
1.51556
1.58695
1.29075
1.57386
1.38553
1.74985
1.479
1.28303
1.51676
1.50073
1.67927
1.53329
1.59943
1.7099
1.65494
1.57893
1.54891
1.42891
1.5557
1.32448
1.57306
1.59577
1.58499
1.4281
1.5143
1.46338
1.62335
1.13454
1.84795
1.48231
1.82978
1.64521
1.53415
1.53547
1.29219
1.57583
1.66441
1.31298
1.46186
1.28265
1.6638
1.84022
1.47764
1.28743
1.42853
1.36495
1.41209
1.48146
1.49198
1.33587
1.54109
1.35102
1.73641
1.48251
1.42838
1.55556
1.33543
1.56249
1.56002
1.35556
1.47459
1.50007
1.63836
1.61997
1.71159
1.51685
1.45124
1.51553
1.5774
1.52096
1.43425
1.34831
1.22407
1.38353
1.62284
1.4644
1.56856
1.51958
1.3804
1.55068
1.69205
1.23921
1.6245
1.07654
1.67786
1.55073
1.17791
1.54922
1.26368
1.51876
1.58995
1.76495
1.95441
1.47633
1.27978
1.34963
1.51074
1.44193
1.15776
1.72283
1.40655
1.73291
1.45671
1.20536
1.22362
1.90116
1.69208
1.23731
1.42973
1.45569
1.57404
1.47635
1.56578
1.40342
1.36163
1.63274
1.3909
1.46686
1.47249
1.41365
1.63897
1.74171
1.61859
1.4185
1.55061
1.57243
1.69024
1.58033
1.29008
1.56138
1.48048
1.51878
1.51825
1.56764
1.1944
1.47973
1.55882
1.61541
1.36292
1.49006
1.32773
1.70531
1.33775
1.23786
1.38116
1.50938
1.59043
1.37356
1.47119
1.37463
1.79855
1.66856
1.65162
1.66101
1.27876
1.67126
1.28267
1.32709
1.66604
1.53028
1.3641
1.83777
1.60421
1.36867
1.34667
1.60308
1.41934
1.81645
1.40216
1.75008
1.33559
1.66063
1.68475
1.45505
1.28374
1.4862
1.50395
1.35039
1.51467
1.64901
1.19708
1.34403
1.43826
1.67924
1.88593
1.59372
1.52509
1.35267
1.44075
1.62886
1.41115
1.42547
1.52
1.40336
1.30412
1.43705
1.73328
1.39991
1.62711
1.3077
1.12197
1.82107
1.53393
1.49712
1.75156
1.22114
1.60705
1.61951
1.42359
1.17094
1.40474
1.55142
1.58963
1.56901
1.65358
1.39534
1.56721
1.51236
1.62936
1.40336
1.72445
1.30253
1.55345
1.57638
1.52223
1.66763
1.50278
1.45719
1.42197
1.21327
1.43821
1.54721
1.23444
1.73035
1.59384
1.61644
1.41715
1.35929
1.56154
1.63751
1.21818
1.50211
1.58748
1.47165
1.17198
1.48978
1.33991
1.59169
1.77263
1.43176
1.51958
1.36939
1.62279
1.35368
1.3376
1.87368
1.3412
1.43643
1.28822
1.40893
1.59395
1.4287
1.55667
1.54921
1.30178
1.37715
1.37831
1.43987
1.43503
1.40269
1.67916
1.38916
1.53034
1.42804
1.59292
1.40473
1.49384
1.34513
1.61306
1.41301
1.33453
1.39998
1.35433
1.32017
1.72987
1.41131
1.46457
1.5826
1.49233
1.46896
1.61626
1.4527
1.3866
1.49385
1.677
1.57669
1.58405
1.5126
1.40218
1.48908
1.54211
2.0317
1.43511
1.47247
1.55814
1.44134
1.55041
1.38427
1.53005
1.29945
1.5493
1.33875
1.28052
1.52691
1.75004
1.65685
1.54831
1.31379
1.54678
1.43534
1.75451
1.48735
1.15294
1.55476
1.59373
1.36811
1.57255
1.38941
1.61583
1.56133
1.51082
1.40911
1.60889
1.66677
1.58856
1.21205
1.35578
1.57014
1.69685
1.5839
1.46323
1.4918
1.38739
1.61952
1.7011
1.52445
1.54385
1.46979
1.51303
1.68453
1.47048
1.61149
1.4961
1.76193
1.43327
1.33938
1.27528
1.36514
1.41821
1.65783
1.50897
1.41263
1.51602
1.42502
1.52564
1.25441
1.65807
1.33773
1.68441
1.58307
1.41749
1.60229
1.39906
1.54885
1.65838
1.58242
1.46297
1.53252
1.51298
1.39931
1.57348
1.58262
1.4615
1.66889
1.30246
1.26375
1.46789
1.46574
1.47702
1.60059
1.52088
1.59871
1.52586
1.4328
1.71808
1.52835
1.61893
1.69084
1.52335
1.43599
1.64574
1.56942
1.63469
1.57232
1.44233
1.41799
1.56526
1.41744
1.46172
1.79993
1.38067
1.52881
1.34371
1.45154
1.78197
1.74103
1.49524
1.22014
1.7341
1.49052
1.54179
1.47994
1.73949
1.3262
1.57807
1.65468
1.35744
1.52214
1.66343
1.43974
1.62592
1.64209
1.6469
1.29587
1.48802
1.29796
1.25451
1.4326
1.96467
1.48014
1.52247
1.52862
1.33059
1.7222
1.22798
1.48414
1.84385
1.37672
1.61259
1.60306
1.53303
1.56932
1.51016
1.44038
1.23175
1.75603
1.83618
1.36663
1.50866
1.64319
1.55558
1.50871
1.42638
1.65249
1.41826
1.56419
1.67655
1.47182
1.45906
1.47609
1.52972
1.25524
1.49552
1.44732
1.34557
1.80982
1.48527
1.49215
1.3018
1.24516
1.44216
1.4371
1.50818
1.80495
1.46129
1.47349
1.37348
1.29676
1.92678
1.34141
1.59123
1.57414
1.47113
1.41673
1.26985
1.61469
1.41675
1.67763
1.41249
1.34376
1.52926
1.33596
1.62498
1.51489
1.27585
1.49675
1.48079
1.41728
1.44117
1.42022
1.39696
1.41215
1.73364
1.24352
1.45667
1.84515
1.52682
1.82295
1.50437
1.47888
1.3983
1.41281
1.37027
1.70971
1.65832
1.49209
1.6694
1.44196
1.48401
1.39108
1.58996
1.45086
1.69391
1.45804
1.53678
1.24041
1.45241
1.49459
1.49419
1.59539
1.29726
1.53203
1.45216
1.50244
1.44647
1.58661
1.34028
1.23284
1.4637
1.58215
1.57252
1.50229
1.55221
1.4618
1.49546
1.40937
1.64103
1.2188
1.30044
1.40701
1.44302
1.60299
1.43888
1.63839
1.58964
1.64021
1.66232
1.5683
1.30323
1.62964
1.66504
1.53773
1.58267
1.65404
1.50907
1.58071
1.377
1.95949
1.45807
1.50403
1.69728
1.51261
1.4851
1.47398
1.56926
1.45295
1.5417
1.51245
1.46073
1.54725
1.67644
2.01738
1.49035
1.79735
1.50398
1.79692
1.50374
1.38592
1.52158
1.30391
1.65904
1.40956
1.80587
1.5416
1.4073
1.50331
1.73797
1.5726
1.4799
1.97458
1.31562
1.23704
1.34803
1.63489
1.52422
1.66086
1.45131
1.63687
1.16212
1.27133
1.42744
1.56184
1.40878
1.32696
1.4438
1.45086
1.41325
1.7313
1.30339
1.5032
1.71847
1.60367
1.66776
1.4324
1.34971
1.4878
1.46187
1.40886
1.41464
1.45809
1.63603
1.27875
1.64204
1.38934
1.44211
1.63696
1.64218
1.60594
1.58308
1.32205
1.53738
1.53998
1.58986
1.57239
1.20858
1.40514
1.40313
1.43868
1.56326
1.30611
1.6788
1.15082
1.45991
1.53428
1.35464
1.77656
1.55308
1.52572
1.3399
1.40192
1.53557
1.18934
1.74186
1.55703
1.35152
1.6802
1.47333
1.3126
1.29401
1.52017
1.6939
1.53727
1.29217
1.46587
1.36385
1.44107
1.70635
1.57313
1.34802
1.44673
1.33236
1.53415
1.52779
1.65046
1.58676
1.43459
1.59062
1.54297
1.53939
1.3628
1.52017
1.33557
1.38868
1.65864
1.58163
1.63469
1.77318
1.64466
1.49549
1.61668
1.38271
1.32601
1.20656
1.80741
1.5977
1.37309
1.53508
1.34306
1.5872
1.4404
1.34303
1.61165
1.40449
1.58538
1.46218
1.40847
1.56149
1.62138
1.31377
1.63814
1.35292
1.37057
1.61962
1.22207
1.50381
1.83307
1.76514
1.34264
1.5285
1.54289
1.39391
1.81752
1.32525
1.37843
1.53051
1.69537
1.48226
1.41999
1.46555
1.83069
1.57589
1.54239
1.59969
1.48151
1.5827
1.48491
1.50765
1.38001
1.40534
1.36146
1.37245
1.38887
1.54432
1.29422
1.51236
1.41075
1.36899
1.44235
1.59133
1.64867
1.73038
1.43358
1.40549
1.4883
1.68832
1.41057
1.40799
1.27643
1.58357
1.49814
1.58479
1.55246
1.4994
1.46064
1.58116
1.69392
1.43779
1.46004
1.45236
1.55188
1.4982
1.62329
1.28165
1.74165
1.42115
1.72675
1.50134
1.44643
1.39994
1.65823
1.68385
1.24514
1.40432
1.51936
1.55306
1.52355
1.59499
1.55831
1.33288
1.55276
1.48576
1.62566
1.70151
1.53789
1.2038
1.30084
1.352
1.61943
1.65762
1.54288
1.49106
1.69908
1.60299
1.35576
1.62873
1.63949
1.68496
1.2822
1.46902
1.39278
1.23768
1.55949
1.30641
1.76315
1.48814
1.57185
1.55496
1.57026
1.53856
1.44968
1.70294
1.43949
1.64329
1.70068
1.71869
1.23869
1.57384
1.52359
1.54129
1.3895
1.70759
1.3632
1.44323
1.4753
1.34343
1.53945
1.40694
1.58162
1.50918
1.72462
1.66612
1.53658
1.49384
1.51293
1.78116
1.35654
1.56428
1.57574
1.6311
1.3763
1.18782
1.53377
1.24423
1.40372
1.54028
1.67293
1.56093
1.72308
1.62142
1.57906
1.43043
1.38282
1.41711
1.70865
1.74536
1.62565
1.51229
1.32214
1.43807
1.42415
1.40404
1.42546
1.49587
1.50878
1.46767
1.49738
1.51374
1.53956
1.42694
1.46383
1.39545
1.46645
1.70157
1.49141
1.52807
1.4339
1.27039
1.43697
1.47195
1.66328
1.49209
1.595
1.59322
1.59771
1.50005
1.24536
1.53423
1.64004
1.58545
1.55321
1.32426
1.39474
1.5558
1.55781
1.62367
1.31975
1.29649
1.36957
1.52942
1.63034
1.27793
1.50067
1.68717
1.59919
1.41321
1.28882
1.36572
1.52982
1.45213
1.35663
1.62507
1.32408
1.57222
1.36864
1.56116
1.46465
1.56933
1.51593
1.59468
1.45038
1.58515
1.37268
1.60816
1.67006
1.50228
1.34766
1.48312
1.52333
1.4902
1.32642
1.39502
1.89896
1.59929
1.32104
1.32558
1.58333
1.53733
1.39476
1.60756
1.63527
1.35696
1.63469
1.28576
1.52306
1.21327
1.34276
1.45372
1.36395
1.48838
1.46793
1.67032
1.4132
1.27079
1.48506
1.49853
1.66358
1.57298
1.55782
1.2639
1.75288
1.52081
1.44612
1.69064
1.23722
1.47707
2.13867
1.71148
1.50915
1.36867
1.47179
1.57634
1.71088
1.28321
1.38496
1.43826
1.69649
1.39527
1.51742
1.27656
1.80741
1.74206
1.53603
1.40933
1.6121
1.43649
1.6568
1.78855
1.50125
1.29786
1.57633
1.34371
1.55255
1.58006
1.35879
1.35198
1.58866
1.32092
1.58524
1.55252
1.31837
1.72749
1.43736
1.57282
1.3608
1.30877
1.60197
1.75641
1.33701
1.50152
1.53196
1.39865
1.54943
1.57877
1.56583
1.39178
1.54045
1.49983
1.57686
1.81178
1.29796
1.3509
1.25054
1.85689
1.46889
1.33107
1.81105
1.50666
1.38573
1.61755
1.695
1.55782
1.73368
1.57045
1.58466
1.37327
1.26457
1.7347
1.32367
1.51534
1.61123
1.30267
1.36928
1.44929
1.27952
1.61818
1.93059
1.51144
1.71855
1.69044
1.8768
1.26517
1.38668
1.5038
1.85185
1.60851
1.46313
1.46382
1.32947
1.39934
1.55548
1.75118
1.85942
1.55192
1.23986
1.46913
1.54297
1.66254
1.4915
1.41915
1.4978
1.84426
1.46767
1.43824
1.44453
1.47684
1.68139
1.42742
1.30296
1.45491
1.3255
1.60587
1.28317
1.55926
1.60839
1.71772
1.44228
1.42015
1.43681
1.51473
1.78648
1.21809
1.60786
1.57763
1.56579
1.36723
1.3586
1.61292
1.42917
1.54016
1.61166
1.42335
1.34907
1.53481
1.61806
1.75661
1.22291
1.36089
1.61008
1.70323
1.35756
1.44082
1.53937
1.52019
1.44688
1.47067
1.25946
1.62996
1.33549
1.42903
1.30446
1.46385
1.49232
1.77729
1.57056
1.65656
1.61917
1.46743
1.39295
1.36051
1.30987
1.39832
1.6911
1.19425
1.95054
1.62886
1.53966
1.48739
1.60103
1.36294
1.56009
1.56008
1.69497
1.66389
1.66318
1.63795
1.52401
1.4721
1.49122
1.60499
1.50499
1.32557
1.50964
1.64091
1.45696
1.58803
1.38272
1.34856
1.52569
1.34022
2.07386
1.43137
1.69337
1.59009
1.52878
1.67422
1.45781
1.39782
1.61941
1.37055
1.756
1.31629
1.57894
1.37666
1.5823
1.49904
1.44391
1.65766
1.55617
1.49377
1.48744
1.41547
1.34945
1.80074
1.40578
1.47075
1.2794
1.63663
1.49346
1.41223
1.38172
1.543
1.50407
1.5326
1.52808
1.57588
1.32885
1.60808
1.66385
1.54801
1.36585
1.51622
1.31717
1.4635
1.54211
1.76392
1.19293
1.52495
1.19936
1.41516
1.61075
1.36135
1.40135
1.57319
1.36631
1.57209
1.35531
1.56171
1.24695
1.43882
1.48724
1.42215
1.29552
1.42427
1.92593
1.40999
1.36994
1.48536
1.59362
1.48998
1.40451
1.21223
1.53624
1.50874
1.41174
1.60142
1.53524
1.63577
1.45969
1.57574
1.52493
1.57639
1.36406
1.5152
1.3148
1.30423
1.43163
1.39658
1.63384
1.42546
1.36583
1.42701
1.29111
1.62091
1.62861
1.45308
1.54157
1.53645
1.51953
1.55992
1.61812
1.5351
1.56713
1.29348
1.30042
1.40119
1.36244
1.58908
1.31734
1.49931
1.19505
1.49016
1.84348
1.64113
1.21102
1.42018
1.56079
1.29714
1.65423
1.65078
1.74721
1.45854
1.50442
1.63282
1.46153
1.41227
1.57082
1.36853
1.38817
1.50472
1.6017
1.63399
1.56891
1.62494
1.65807
1.6289
1.26578
1.37382
1.54466
1.42323
1.57902
1.58102
1.7449
1.82944
1.48012
1.58509
1.3196
1.34477
1.51928
1.90864
1.56365
1.49524
1.54985
1.38808
1.55607
1.55522
1.34254
1.63817
1.61123
1.13317
1.38362
1.41821
1.55769
1.71197
1.5594
1.45858
1.34121
1.50477
1.54695
1.39146
1.42141
1.34185
1.52153
1.59414
1.23795
1.60658
1.4479
1.46336
1.53238
1.54732
1.4502
1.32971
1.56284
1.5072
1.80363
1.44297
1.72245
1.44537
1.61777
1.33355
1.61191
1.47796
1.38779
1.5594
1.63166
1.56482
1.39714
1.5455
1.44585
1.56526
1.69033
1.68737
1.57647
1.56964
1.41117
1.33776
1.51794
1.55455
1.47242
1.77031
1.23698
1.53209
1.50183
1.62914
1.49028
1.4478
1.39006
1.55039
1.67939
1.46698
1.30727
1.44303
1.51565
1.52593
1.64684
1.40167
1.34644
1.53805
1.31997
1.46541
1.37981
1.56398
1.26784
1.62111
1.2913
1.51641
1.63789
1.36031
1.47346
1.64274
1.42496
1.31281
1.54658
1.57582
1.49477
1.33909
1.3626
1.47276
1.42285
1.6882
1.65942
1.30975
1.48514
1.59673
1.64331
1.80156
1.64001
1.5236
1.32344
1.43805
1.6209
1.61299
1.36676
1.46854
1.25593
1.60399
1.2734
1.42967
1.43143
1.3461
1.72009
1.6467
1.37627
1.69887
1.62574
1.75033
1.43415
1.50584
1.6563
1.68439
1.5283
1.38478
1.26016
1.35978
1.60227
1.40949
1.24842
1.45965
1.59653
1.57224
1.40997
1.25823
1.58457
1.0805
1.36597
1.48666
1.51957
1.65718
1.71397
1.4184
1.31945
1.77702
1.5276
1.43781
1.55899
1.54466
1.45739
1.33695
1.37728
1.26914
1.7625
1.69377
1.3677
1.68393
1.55964
1.49815
1.57502
1.5988
1.46747
1.54367
1.42061
1.42286
1.41531
1.25598
1.63908
1.37176
1.4066
1.49289
1.53149
1.34608
1.41026
1.49161
1.52338
1.54037
1.092
1.51956
1.75605
1.27903
1.50335
1.43955
1.3937
1.31699
1.32383
1.50295
1.55551
1.29054
1.44273
1.46634
1.56861
1.38373
1.66295
1.70588
1.34706
1.46933
1.41544
1.96627
1.16728
1.64723
1.56151
1.30002
1.58836
1.78594
1.51348
1.45641
1.33875
1.24752
1.57359
1.49774
1.55013
1.85679
1.34547
1.29079
1.60751
1.43198
1.36308
1.18465
1.24903
1.64157
1.55128
1.44724
1.4073
1.60507
1.70937
1.57783
1.59702
1.52215
1.63793
1.27714
1.46114
1.46238
1.34311
1.51946
1.59955
1.50161
1.55059
1.43679
1.60588
1.43362
1.60746
1.71552
1.80347
1.62036
1.77083
1.54532
1.67001
1.69136
1.42787
1.67654
1.59435
1.63312
1.69394
1.6036
1.67802
1.63893
1.50941
1.5104
1.41262
1.4139
1.77826
1.35094
1.57443
1.44757
1.56169
1.72666
1.47435
1.51808
1.52362
1.3379
1.30621
1.4652
1.41955
1.22575
1.56208
1.44091
1.72708
1.64266
1.54281
1.5198
1.38313
1.33581
1.6087
1.4907
1.38126
1.35661
1.50779
1.50188
1.4213
1.56296
1.36086
1.56667
1.49833
1.20056
1.33254
1.40879
1.55538
1.24679
1.39382
1.57852
1.56583
1.57546
1.54529
1.44939
1.37797
1.63182
1.36082
1.93279
1.27272
1.38946
1.29495
1.63459
1.63073
1.76771
1.63721
1.71299
1.60646
1.54197
1.71894
1.52969
1.5163
1.33524
1.45744
1.49936
1.42026
1.52598
1.68838
1.43796
1.60317
1.43351
1.5208
1.40113
1.56974
1.36792
1.51028
1.33392
1.34961
1.28089
1.32701
1.63632
1.47555
1.41633
1.46456
1.33155
1.28961
1.64702
1.35208
1.3483
1.44047
1.52524
1.50035
1.23886
1.73579
1.16065
1.54235
1.32215
1.65147
1.47929
1.35872
1.3412
1.48482
1.6033
1.43827
1.64629
1.45672
1.48936
1.50912
1.4845
1.71382
1.5258
1.61627
1.69033
1.3638
1.37206
1.46493
1.57733
1.48375
1.58984
1.3294
1.72851
1.53152
1.71849
1.46241
1.30564
1.39763
1.48682
1.64896
1.46763
1.45884
1.58855
1.44613
1.35717
1.52736
1.9454
1.46064
1.36223
1.48462
1.44121
1.80305
1.3487
1.30479
1.59277
1.68506
1.4383
1.51153
1.36059
1.35957
1.66728
1.47661
1.6434
1.62057
1.31311
1.6507
1.27367
1.42869
1.25037
1.55218
1.71846
1.62283
1.45529
1.40165
1.4918
1.72683
1.65208
1.27227
1.42457
1.50523
1.39661
1.42958
1.43306
1.27585
1.33335
1.23814
1.25134
1.38965
1.19235
1.17303
1.30124
1.43308
1.38627
1.5866
1.51399
1.38232
1.25119
1.25702
1.42635
1.50751
1.44715
1.66795
1.39905
1.2776
1.7003
1.54246
1.30247
1.45189
1.64703
1.38196
1.4312
1.60999
1.50724
1.23403
1.64404
1.63168
1.46223
1.78885
1.56705
1.53243
1.42958
1.47192
1.46206
1.23083
1.47223
1.39912
1.83271
1.39533
1.65303
1.67546
1.48046
1.42514
1.51919
1.62797
1.51123
1.72498
1.275
1.74999
1.64076
1.67737
1.6873
1.2486
1.41876
1.41336
1.44596
1.39583
1.44429
1.48656
1.50581
1.70215
1.55898
1.38756
1.44812
1.6229
1.50513
1.44567
1.45543
1.55493
1.56436
1.53499
1.4635
1.52575
1.25174
1.622
1.58624
1.48937
1.60318
1.46407
1.27719
1.61132
1.6066
1.2349
1.49926
1.2773
1.60403
1.36429
1.69283
1.61741
1.78426
1.38337
1.42165
1.54096
1.27381
1.23962
1.74362
1.56186
1.66508
1.79901
1.67831
1.62249
1.34051
1.46109
1.3259
1.75326
1.59874
1.25417
1.70785
1.47231
1.43527
1.44729
1.63284
1.44982
1.35154
1.81642
1.31625
1.2012
1.3423
1.57228
1.35401
1.4099
1.54081
1.47241
1.50003
1.52724
1.68725
1.39061
1.41616
1.2661
1.38279
1.33789
1.37281
1.3344
1.5125
1.54761
1.43902
1.32368
1.36855
1.67785
1.58156
1.80781
1.48545
1.49164
1.47761
1.55436
1.47101
1.45438
1.34607
1.4525
1.25636
1.66146
1.38301
1.64545
1.45971
1.50456
1.59525
1.34542
1.59856
1.5098
1.42993
1.59039
1.53805
1.63217
1.48525
1.75148
1.43548
1.37037
1.85045
1.32222
1.76161
1.32342
1.42182
1.36067
1.61261
1.53262
1.57517
1.59818
1.66542
1.38801
1.59625
1.53229
1.37265
1.32703
1.42823
1.52896
1.66257
1.46503
1.53712
1.44129
1.44383
1.4665
1.7967
1.45146
1.1991
1.51099
1.72375
1.39473
1.30995
1.35865
1.52938
1.592
1.34187
1.47391
1.44328
1.43882
1.5919
1.48801
1.47587
1.59444
1.27426
1.46596
1.4155
1.61257
1.7971
1.44405
1.47278
1.66671
1.58106
1.26161
1.45287
1.55486
1.48747
1.43193
1.34387
1.23338
1.39489
1.42784
1.56781
1.38052
1.67765
1.27758
1.62738
1.53559
1.44633
1.35865
1.45376
1.47829
1.46644
1.3763
1.67969
1.38926
1.68319
1.65441
1.22124
1.74912
1.6577
1.38245
1.30769
1.40795
1.32203
1.27887
1.49749
1.3273
1.43469
1.45267
1.32577
1.269
1.6049
1.57776
1.63586
1.47529
1.552
1.3941
1.46285
1.58255
1.73458
1.44379
1.42624
1.48535
1.3165
1.73195
1.65804
1.39666
1.31761
1.511
1.13863
1.43047
1.38932
1.47517
1.61748
1.21696
1.80609
1.3878
1.34695
1.24354
1.54676
1.56811
1.47511
1.51475
1.42979
1.72764
1.3771
1.71531
1.59261
1.45424
1.61897
1.65279
1.50441
1.40955
1.63029
1.58768
1.429
1.4714
1.60811
1.50063
1.62459
1.51324
1.51675
1.67051
1.76686
1.40688
1.68444
1.46431
1.39391
1.21967
1.46163
1.42772
1.25469
1.43957
1.44574
1.55316
1.53718
1.48603
1.47309
1.5299
1.69869
1.81052
1.30962
1.61729
1.3483
1.38429
1.50874
1.57619
1.39856
1.50424
1.56244
1.36137
1.44745
1.47381
1.60135
1.44703
1.5489
1.45668
1.58496
1.56515
1.45777
1.44657
1.32414
1.45456
1.6552
1.27988
1.12322
1.28981
1.40473
1.63031
1.22168
1.60537
1.35663
1.5048
1.56339
1.50883
1.6782
1.65411
1.61506
1.40286
1.28869
1.42085
1.54683
1.31606
1.51392
1.70304
1.21125
1.33151
1.51348
1.30716
1.82764
1.3559
1.54791
1.72177
1.40834
1.3907
1.52494
1.27749
1.59966
1.29233
1.52927
1.64763
1.60883
1.64466
1.56715
1.60166
1.43525
1.49274
1.47788
1.87557
1.54476
1.55829
1.65849
1.4583
1.62511
1.51436
1.23156
1.51007
1.43682
1.57161
1.52586
1.37847
1.62176
1.35684
1.51964
1.46092
1.56986
1.34415
1.36432
1.70779
1.43629
1.44991
1.40196
1.44176
1.54242
1.21176
1.5987
1.90904
1.30707
1.33557
1.53312
1.37473
1.38353
1.37308
1.25382
1.57167
1.39861
1.4595
1.41008
1.47364
1.59661
1.35031
1.30883
1.4658
1.57644
1.33394
1.43932
1.39804
1.52121
1.33915
1.48098
1.73793
1.60779
1.46916
1.52199
1.64427
1.33404
1.4262
1.71251
1.2731
1.55771
1.38075
1.73598
1.36999
1.64159
1.5483
1.3351
1.7085
1.37228
1.58451
1.43422
1.46345
1.46756
1.49456
1.34347
1.58803
1.74539
1.61796
1.19574
1.55481
1.58179
1.52666
1.49593
1.74017
1.31866
1.61909
1.46233
1.37996
1.45722
1.56882
1.47764
1.581
1.42279
1.49352
1.48395
1.37923
1.3305
1.59855
1.20671
1.60089
1.47603
1.73817
1.25473
1.39551
1.54029
1.72511
1.58485
1.6463
1.64311
1.58072
1.61524
1.30804
1.53008
1.44793
1.32006
1.58318
1.76948
1.52497
1.53874
1.33737
1.35973
1.52477
1.76483
1.45424
1.31841
1.46084
1.27226
1.55045
1.58904
1.4314
1.66736
1.29533
1.79797
1.47326
1.57425
1.73438
1.38224
1.4758
1.55921
1.62518
1.33796
1.61047
1.58367
1.38506
1.3542
1.55282
1.70835
1.7851
1.62164
1.54518
1.65161
1.4654
1.61001
1.21962
1.70127
1.39171
1.55891
1.29235
1.4607
1.45306
1.51468
1.55254
1.54119
1.37143
1.7106
1.20205
1.42668
1.43243
1.65415
1.5601
1.50904
1.33023
1.42413
1.77403
1.67215
1.49812
1.56581
1.65585
1.52383
1.48375
1.32231
1.46762
1.53715
1.53244
1.43066
1.43381
1.3611
1.50078
1.59179
1.26038
1.38631
1.71729
1.43652
1.69205
1.51757
1.3977
1.45589
1.45476
1.3876
1.73388
1.45063
1.57236
1.36367
1.59708
1.62961
1.59552
1.41988
1.71043
1.31821
1.61032
1.54564
1.51294
1.4278
1.55121
1.55358
1.75471
1.31185
1.81944
1.2048
1.43988
1.45218
1.69625
1.45734
1.6256
1.39528
1.44223
1.60125
1.42431
1.69508
1.57763
1.39398
1.59393
1.48938
1.30386
1.48318
1.67441
1.73174
1.44669
1.23952
1.33497
1.3276
1.6285
1.41394
1.44533
1.42954
1.33929
1.66765
1.88136
1.68077
1.36152
1.36911
1.63825
1.49532
1.52725
1.58264
1.31568
1.57613
1.50961
1.54776
1.74605
1.36278
1.70032
1.72953
1.65427
1.39409
1.63146
1.29607
1.36271
1.41575
1.46945
1.56638
1.48932
1.37529
1.51437
1.43164
1.65353
1.44157
1.62913
1.25805
1.48347
1.52665
1.57158
1.58551
1.33099
1.19229
1.56502
1.8078
1.58092
1.36308
1.35716
1.50237
1.47794
1.82472
1.46807
1.54655
1.46841
1.5283
1.46225
1.33026
1.65468
1.58149
1.55152
1.77125
1.47767
1.39524
1.66517
1.37234
1.45159
1.73119
1.58399
1.46101
1.4695
1.4692
1.37528
1.49237
1.38613
1.37097
1.57015
1.58143
1.79446
1.32362
1.37501
1.89593
1.41333
1.39108
1.37726
1.46943
1.61123
1.35421
1.53567
1.5091
1.6598
1.68616
1.47004
1.64053
1.45762
1.68348
1.42114
1.19274
1.59337
1.39277
1.67851
1.65015
1.8414
1.47339
1.54109
1.53613
1.54069
1.51425
1.56085
1.51207
1.37279
1.66438
1.48106
1.68698
1.33592
1.60949
1.61939
1.41652
1.6109
1.39613
1.57707
1.53124
1.56708
1.64905
1.36544
1.31266
1.19122
1.51739
1.46769
1.45986
1.26748
1.47013
1.71071
1.4241
1.63322
1.43131
1.37145
1.45544
1.66802
1.48744
1.65025
1.4847
1.72322
1.44796
1.37396
1.61544
1.5217
1.22419
1.36234
1.38064
1.76756
1.25163
1.44184
1.70637
1.44323
1.4115
1.50353
1.31532
1.61513
1.5053
1.5766
1.55585
1.19909
1.60399
1.41712
1.5405
1.55381
1.63515
1.54865
1.67739
1.52974
1.49092
1.27769
1.29434
1.27851
1.35054
1.24253
1.75646
1.42033
1.29186
1.55781
1.72304
1.37816
1.57613
1.43883
1.52423
1.26206
1.59445
1.43157
1.39583
1.31236
1.44603
1.38439
1.30768
1.55923
1.76462
1.5281
1.41772
1.50903
1.55113
1.5642
1.63416
1.32911
1.56291
1.33102
1.26243
1.43636
1.51601
1.52418
1.35044
1.66819
1.58616
1.87407
1.54518
1.52122
1.39949
1.44524
1.36518
1.46117
1.3649
1.62533
1.62657
1.38639
1.42042
1.56702
1.23925
1.56927
1.56982
1.42431
1.47235
1.32892
1.50753
1.47425
1.33473
1.62471
1.33592
1.36996
1.63512
1.40352
1.58046
1.32559
1.56379
1.25278
1.23639
1.87548
1.37978
1.51168
1.59557
1.57537
1.24368
1.32387
1.53431
1.56736
1.52976
1.45301
1.7345
1.35817
1.6622
1.65916
1.5395
1.40738
1.55733
1.42137
1.47532
1.5346
1.37419
1.54325
1.77608
1.5393
1.57099
1.38409
1.30144
1.67233
1.396
1.64614
1.92237
1.39585
1.5603
1.51994
1.60959
1.54232
1.65977
1.26012
1.82124
1.45197
1.5019
1.67191
1.52108
1.92187
1.50528
1.52544
1.50518
1.40495
1.77702
1.63851
1.49313
1.61943
1.56242
1.49544
1.40385
1.75358
1.51556
1.66912
1.61498
1.60939
1.36771
1.23099
1.67288
1.71026
1.55498
1.73194
1.40053
1.39737
1.40391
1.40044
1.46129
1.49684
1.12493
1.49649
1.58966
1.515
1.93143
1.62705
1.67035
1.69139
1.60123
1.51852
1.54559
1.42527
1.49668
1.68829
1.45068
1.5867
1.43235
1.45873
1.47489
1.4537
1.62603
1.51102
1.17587
1.43329
1.30014
1.83191
1.70532
1.27612
1.51354
1.33919
1.65743
1.67054
1.4979
1.57449
1.65817
1.46988
1.33918
1.29388
1.53647
1.63452
1.33009
1.67151
1.37692
1.42086
1.40707
1.68007
1.36138
1.25592
1.39062
1.70932
1.59196
1.5566
1.3475
1.78005
1.4379
1.31902
1.50352
1.6905
1.37321
1.52937
1.33969
1.6666
1.60132
1.86125
1.48113
1.62515
1.24334
1.45083
1.49834
1.61313
1.74839
1.38384
1.8383
1.5569
1.52252
1.42496
1.43585
1.33978
1.44131
1.27541
1.51541
1.76893
1.607
1.59944
1.59966
1.39715
1.75159
1.45486
1.62454
1.50805
1.69542
1.44417
1.52617
1.40792
1.3748
1.48213
1.61529
1.40043
1.39388
1.48771
1.59663
1.4297
1.78099
1.61823
1.45181
1.26487
1.94256
1.64817
1.55814
1.25104
1.43322
1.50551
1.55608
1.67552
1.46757
1.6512
1.31079
1.62241
1.62349
1.48378
1.74343
1.43144
1.57621
1.4079
1.65346
1.41823
1.23906
1.48916
1.30644
1.60959
1.64228
1.38943
1.37714
1.67896
1.46261
1.26608
1.57478
1.44168
1.49755
1.37746
1.72829
1.33136
1.34224
1.47064
1.39016
1.48787
1.41877
1.42786
1.36507
1.47662
1.82566
1.40391
1.83137
1.37267
1.45182
1.39161
1.37355
1.336
1.3841
1.61964
1.21119
1.60237
1.56209
1.50469
1.39755
1.35651
1.72176
1.60962
1.63523
1.23747
1.2924
1.19648
1.31846
1.4906
1.47828
1.47131
1.40154
1.29878
1.68633
1.57812
1.33922
1.27463
1.43519
1.47564
1.63617
1.40912
1.63077
1.39865
1.44418
1.48888
1.37391
1.3823
1.65276
1.48987
1.59101
1.39336
1.33394
1.47603
1.39897
1.44505
1.50008
1.60225
1.61309
1.50062
1.57214
1.4754
1.59386
1.54952
1.35973
1.51615
1.14557
1.52333
1.53144
1.59361
1.82551
1.61335
1.47141
1.4864
1.41
1.60936
1.74746
1.64771
1.2002
1.61224
1.4212
1.47766
1.47216
1.7543
1.49504
1.42269
1.54739
1.39958
1.58812
1.65977
1.36915
1.2167
1.558
1.31202
1.54603
1.61447
1.4646
1.96008
1.39241
1.64632
1.51787
1.62851
1.33998
1.67861
1.45245
1.36643
1.35898
1.60573
1.56906
1.72988
1.50106
1.42197
1.44688
1.42821
1.49626
1.36625
1.43683
1.32778
1.67281
1.48543
1.49563
1.5387
1.55206
1.57391
1.30081
1.49892
1.38903
1.64477
1.46875
1.41029
1.59636
1.71067
1.61589
1.31396
1.81209
1.30334
1.50452
1.41071
1.54674
1.31909
1.47564
1.66335
1.48023
1.22939
1.31019
1.50447
1.48131
1.49893
1.47498
1.58755
1.69124
1.32733
1.43408
1.21296
1.43442
1.47533
1.43215
1.60477
1.60225
1.54427
1.82316
1.57056
1.55444
1.51267
1.68978
1.57182
1.27479
1.40528
1.2551
1.68444
1.46445
1.38678
1.26703
1.6046
1.47532
1.82045
1.43344
1.6671
1.32805
1.68044
1.39254
1.72843
1.36554
1.57315
1.27267
1.55232
1.64095
1.30021
1.68049
1.50438
1.87251
1.68204
1.39084
1.48115
1.79191
1.33688
1.76799
1.44519
1.52225
1.56263
1.52395
1.38851
1.27822
1.53146
1.76548
1.2849
1.4827
1.71664
1.31134
1.80091
1.61398
1.52572
1.33665
1.42707
1.3368
1.77588
1.66133
1.6303
1.39441
1.78162
1.79243
1.30882
1.49687
1.30124
1.60602
1.34377
1.60205
1.31466
1.50471
1.57945
1.59278
1.40536
1.5759
1.59179
1.27984
1.46448
1.33266
1.4835
1.46909
1.53048
1.41271
1.45531
1.32237
1.33709
1.65529
1.65067
1.62143
1.30768
1.72228
1.39983
1.6029
1.36063
1.57505
1.55577
1.49138
1.78624
1.32312
1.55627
1.53636
1.54438
1.62612
1.33663
1.47541
1.5656
1.75618
1.04604
1.43052
1.49525
1.43544
1.75249
1.17779
1.63815
1.50514
1.53275
1.4015
1.29666
1.44828
1.72982
1.48702
1.57916
1.55817
1.62072
1.68742
1.36108
1.50578
1.44158
1.19798
1.6007
1.541
1.48112
1.3784
1.60113
1.61486
1.17732
1.4069
1.29966
1.45313
1.41034
1.42839
1.65775
1.469
1.43266
1.41991
1.28735
1.41153
1.45834
1.52357
1.66879
1.62457
1.5814
1.62628
1.55636
1.44451
1.48579
1.50863
1.50897
1.46032
1.4576
1.63125
1.66164
1.77652
1.4912
1.54533
1.76557
1.53252
1.8724
1.70721
1.24406
1.38681
1.59039
1.43807
2.14027
1.42393
1.51616
1.47608
1.74223
1.34743
1.61616
1.74275
1.59559
1.46425
1.50017
1.63489
1.44699
1.31739
1.51017
1.52249
1.34808
1.46865
1.65991
1.82689
1.5997
1.55019
1.29518
1.42943
1.73756
1.47588
1.59788
1.46713
1.66524
1.43796
1.47738
1.56034
1.4941
1.56465
1.42064
1.21819
1.50903
1.51976
1.31652
1.17463
1.49765
1.64111
1.44978
1.66124
1.53401
1.56031
1.55155
1.44497
1.48404
1.59336
1.36647
1.36347
1.38465
1.23605
1.44628
1.63373
1.38605
1.46418
1.48043
1.59246
1.78274
1.39624
1.71747
1.59586
1.52768
1.6213
1.6489
1.32158
1.4406
1.64867
1.47124
1.48684
1.41452
1.45327
1.51489
1.80288
1.43081
1.32182
1.50042
1.61942
1.38177
1.70197
1.38001
1.09914
1.46676
1.51007
1.55115
1.77158
1.43205
1.48723
1.50736
1.55459
1.67799
1.47197
1.48428
1.41624
1.45027
1.52112
1.49559
1.41616
1.50229
1.54041
1.55339
1.54929
1.38903
1.32882
1.67875
1.70542
1.52687
1.36244
1.25414
1.46356
1.27585
1.31139
1.61556
1.0832
1.46499
1.49427
1.38728
1.48579
1.31787
1.64362
1.18488
1.53132
1.53734
1.54219
1.72475
1.26528
1.31756
1.50572
1.48284
1.65669
1.37882
1.46125
1.85245
1.48668
1.5188
1.64593
1.29183
1.62848
1.5639
1.63011
1.34073
1.24606
1.2945
1.79287
1.67255
1.55037
1.76893
1.39075
1.5544
1.20913
1.38942
1.4211
1.53321
1.44526
1.58679
1.33854
1.84169
1.31807
1.69596
1.71861
1.61448
1.35683
1.61034
1.73313
1.47448
1.65368
1.5262
1.46347
1.60394
1.73652
1.54382
1.50306
1.5584
1.68236
1.32364
1.34081
1.27101
1.3896
1.56204
1.36995
1.38745
1.50954
1.37916
1.60335
1.37677
1.24173
1.40172
1.335
1.22398
1.45232
1.50408
1.33064
1.2278
1.63115
1.36527
1.76235
1.50677
1.54141
1.64322
1.66113
1.25261
1.74038
1.51407
1.5816
1.68226
1.37988
1.63913
1.49853
1.24827
1.39106
1.61095
1.48289
1.41225
1.57648
1.53213
1.41826
1.3884
1.51017
1.54761
1.39369
1.47402
1.60472
1.35377
1.37594
1.512
1.63333
1.29685
1.13071
1.40611
1.18516
1.61766
1.37463
1.37613
1.60192
1.62621
1.6712
1.64893
1.37905
1.85091
1.4002
1.44728
1.56488
1.61066
1.09593
1.68381
1.69105
1.36633
1.42611
1.58318
1.27498
1.59298
1.52169
1.4453
1.93207
1.43901
1.7203
1.18919
1.49153
1.32814
1.50198
1.46676
1.41416
1.65426
1.52112
1.56719
1.53609
1.32421
1.57925
1.54864
1.43434
1.37938
1.39874
1.28544
1.70772
1.35383
1.68286
1.20838
1.39494
1.58791
1.67033
1.3247
1.65937
1.28823
1.55477
1.39721
1.56418
1.75099
1.29385
1.33763
1.36615
1.41929
1.62478
1.53075
1.35274
1.46126
1.73511
1.59541
1.48973
1.39665
1.6485
1.54107
1.52425
1.59224
1.73963
1.54647
1.40737
1.35451
1.39003
1.52774
1.5887
1.65362
1.67475
1.72494
1.58555
1.66253
1.48534
1.67005
1.41201
1.34557
1.66654
1.27405
1.41313
1.27025
1.16676
1.38409
1.59528
1.3614
1.4401
1.35285
1.6749
1.55424
1.0114
1.59582
1.23463
1.42054
1.68846
1.39717
1.54872
1.19676
1.49052
1.41383
1.48895
1.39115
1.58116
1.35762
1.50606
1.44309
1.51922
1.59628
1.42772
1.50001
1.33515
1.52232
1.47185
1.5487
1.46519
1.40979
1.20213
1.50193
1.62115
1.46472
1.31394
1.58026
1.58283
1.27584
1.34456
1.71347
1.77203
1.45192
1.48636
1.58974
1.72346
1.6487
1.6482
1.48637
1.41137
1.73607
1.50035
1.50483
1.65253
1.48608
1.68141
1.52143
1.16611
1.50476
1.34722
1.513
1.42674
1.34386
1.72333
1.70648
1.24311
1.5632
1.50108
1.42466
1.49695
1.45836
1.53646
1.53271
1.48301
1.15575
1.73271
1.37135
1.75452
1.38521
1.38394
1.64136
1.46258
1.56099
1.67782
1.36484
1.33222
1.7942
1.52709
1.46838
1.25117
1.32053
1.55301
1.78142
1.62653
1.63494
1.55025
1.60912
1.49669
1.54016
1.49528
1.24693
1.37139
1.26602
1.61135
1.6342
1.60528
1.36907
1.41549
1.7284
1.55851
1.57788
1.52096
1.49787
1.40518
1.45242
1.60394
1.62483
