0.826093
0.683676
0.594839
0.841691
0.81156
1.81241
0.802004
0.476175
0.695102
1.38167
1.64721
1.06149
1.05903
1.23771
0.733959
1.69197
0.859872
0.949935
1.28205
1.29762
0.358508
0.690856
0.367895
0.752417
1.3885
0.860996
0.694147
0.476924
0.879292
0.717653
1.49593
0.938886
0.956546
1.21516
1.01485
1.60906
1.27845
1.43194
1.06238
1.37323
1.16833
0.889689
1.99599
0.642447
0.819447
0.815795
0.905753
1.18617
0.902647
0.749751
0.698593
1.36211
0.993745
0.64021
0.976142
0.792682
0.613118
1.03754
0.620523
0.93593
0.963471
0.918676
0.867254
0.800619
0.825789
1.32222
1.15312
1.01348
1.06535
0.798515
0.848016
0.562852
0.573388
1.39917
0.96876
1.26063
0.744599
1.40743
0.689428
1.21791
1.44811
1.16424
1.37349
1.13033
1.49416
0.821324
0.940625
1.17159
0.823187
0.823835
0.863823
0.906236
1.82573
0.995983
0.841682
1.17972
1.35366
1.01531
0.604131
1.81347
0.648674
0.81159
0.53093
1.30552
1.11528
1.68278
0.801513
0.792514
0.942451
1.10779
0.601601
0.761761
1.11733
1.20424
1.09204
1.0993
0.635252
1.66243
1.42544
1.37054
1.14194
0.657973
0.9781
1.06361
1.26817
0.94533
0.947695
1.1666
0.849625
1.19133
0.699776
1.21758
1.6382
0.838015
0.921378
0.688709
0.934597
1.23872
1.33146
0.494641
0.871914
0.77384
0.304118
1.59601
0.72894
0.978116
0.943882
1.21149
1.21299
0.782894
1.19608
1.50392
0.654098
1.12919
1.84771
1.7514
1.03198
1.36877
1.36631
0.642755
0.58338
1.22148
0.700857
1.03518
1.18929
0.52521
1.24079
1.47261
0.880597
0.855249
1.27806
0.9884
0.54047
1.38472
0.890032
0.878663
0.880462
0.95779
0.767693
1.37028
0.557256
1.04071
1.4755
0.912622
0.83752
0.900661
1.40125
1.34876
0.754053
0.988864
0.894993
1.37421
0.724603
0.945892
0.808178
1.03453
0.664546
1.16526
0.986362
0.923255
0.567931
0.947746
1.41751
0.640738
0.807892
1.05295
1.06277
1.2436
0.394993
1.18178
0.911768
0.951632
0.676547
1.6954
0.416846
0.655466
1.361
1.02483
0.778073
0.978631
0.761487
0.89264
1.48205
1.38267
0.818918
0.86971
1.36256
0.6046
1.01472
0.815037
0.914987
0.974066
1.03118
1.03121
1.16945
0.816965
0.871843
0.893372
1.83407
0.917283
1.14411
1.06413
1.06688
0.669763
1.52414
1.04762
1.27083
1.00723
1.21009
1.19953
0.863567
1.04626
1.02067
0.556847
0.733193
1.35944
0.816178
0.92446
1.31562
0.974205
0.916669
1.11717
1.76029
1.52392
0.967311
0.731096
1.11109
1.68761
0.752229
0.934456
1.27392
0.744314
0.767138
1.11056
0.417223
1.29388
1.47519
1.43372
0.545399
0.708216
0.959889
1.52842
1.1228
0.840296
1.51552
1.22187
0.61875
1.23049
0.966101
0.504941
1.24262
0.411675
1.11943
0.860837
0.802419
0.976005
1.37188
1.33976
1.58093
0.730492
1.15811
1.02239
1.08911
1.2635
0.777
0.760046
1.03681
1.0113
0.569322
0.699502
0.853607
0.431837
0.679664
1.09848
1.12215
0.536185
1.45933
1.06338
1.41572
0.683906
0.541188
1.76934
1.07683
0.897445
0.916671
1.98315
0.917293
0.975533
1.14113
1.16902
0.673032
0.783997
1.25527
0.601753
0.999045
0.926622
1.13282
0.83259
0.499032
1.0021
1.2051
0.699832
0.5936
0.854459
1.21342
0.694319
0.816955
1.15027
0.871215
1.00534
0.655109
1.1682
0.756192
0.779016
0.519641
0.822471
1.06804
0.823203
1.61697
1.51454
0.939937
1.38157
1.35634
1.60579
0.802968
1.02879
1.13434
1.08007
1.00504
1.0058
0.973061
1.18619
0.670125
0.914544
1.76346
0.456545
1.32023
0.941202
0.905593
0.668369
0.404351
1.66476
1.02048
0.846346
1.69717
1.4623
0.375158
0.681828
0.886746
1.01759
0.599889
0.944747
0.756479
1.2931
0.787727
0.783337
0.925204
1.09156
1.47452
0.64323
0.752556
0.946373
1.28793
1.05924
0.832976
0.744488
0.927058
0.996226
0.760167
1.00628
1.37323
1.03064
1.60854
0.791
0.870444
0.795083
0.80937
0.53246
0.623466
1.35619
1.45206
0.785353
0.412807
1.16851
0.734421
1.16929
0.682077
1.12138
0.870899
1.09812
0.608138
0.852877
0.615656
1.78002
0.848153
1.15314
0.794577
1.20657
1.0441
0.541805
0.887604
1.17581
1.04982
0.683814
0.976101
0.976556
1.12056
1.02122
0.806721
0.969136
1.09928
0.839895
0.631675
1.60401
1.07838
0.882167
1.30739
0.952078
0.651317
0.926963
0.696783
1.79231
0.645622
0.698986
1.67222
1.31592
0.954647
0.938064
0.839383
0.613184
0.692272
1.12376
0.782155
0.75877
1.2103
1.47305
1.00692
0.888656
1.10073
0.902811
1.26885
0.718363
1.25395
1.25618
1.08074
0.976996
0.647836
0.709571
1.49364
1.35675
0.776412
0.656304
0.707091
1.24057
1.3845
0.740428
1.41849
0.598865
0.842943
1.07175
0.787919
1.57026
1.12987
0.737358
1.10793
1.15973
0.681212
1.40373
0.861736
1.01274
1.06568
0.674202
0.836437
1.06355
1.35823
0.617011
1.04257
0.880351
0.865749
0.85295
1.00303
0.931598
1.19752
1.34682
1.19255
0.92367
1.61444
0.956096
0.558717
0.740645
0.898798
0.78918
0.691332
1.02575
0.711033
1.20599
0.662949
1.54388
0.615534
1.01998
0.65095
1.56172
0.723927
0.506091
1.20288
1.23232
0.914744
1.01091
0.728441
0.747431
0.891365
1.07373
1.30927
0.991545
1.11711
0.81045
0.381168
0.864547
0.933403
1.09486
1.18085
0.926204
1.05187
1.21887
1.22182
1.02434
0.878199
0.963986
1.79781
1.20259
0.994123
0.867744
0.767871
0.79458
0.859094
1.07798
1.0568
0.442122
0.557049
1.46072
0.629163
0.693318
0.839884
0.984598
0.919912
0.866178
1.31708
0.721278
0.662394
1.62577
1.28754
0.993417
1.2297
1.17268
1.2437
1.29861
0.897532
0.797524
1.05145
0.632756
0.976984
1.17491
0.557459
0.644931
0.580533
1.20084
1.04749
0.561487
1.04171
0.649975
1.11293
0.836772
0.924608
1.28293
1.24935
1.18476
1.292
1.78783
1.26716
0.773672
0.854198
0.929739
0.572971
1.22261
0.814097
1.19336
0.668511
0.730523
1.08554
1.62289
0.871174
1.2263
0.810366
0.876151
1.59704
1.1491
0.619065
0.906829
0.987233
0.741579
1.2035
0.972222
1.82122
0.824083
0.593619
0.778598
0.87793
1.1533
1.27721
1.05665
1.37235
1.21194
1.20827
0.605782
0.685002
0.866874
0.736272
0.684694
1.23076
1.16749
1.80246
0.992574
1.4899
2.03047
0.836583
1.01537
1.00877
1.38554
1.29655
1.39396
1.16203
1.03467
0.73852
1.08015
1.21114
1.1878
1.13065
0.635723
0.737792
1.17217
1.26286
1.53313
0.932351
1.22373
1.21858
1.21168
0.388451
0.962101
1.51188
0.898217
0.896974
1.60622
1.60281
1.55739
1.08104
1.05098
0.984596
0.791573
1.31914
1.15411
0.646207
0.910723
1.18014
1.14711
0.717189
1.28952
1.0258
1.30986
0.870485
1.40947
0.706294
0.917378
0.527587
0.999991
1.52406
0.912054
0.874275
0.870833
1.64297
1.13789
1.01871
0.782302
1.07365
1.41264
1.08003
0.88622
0.729344
1.02318
1.60503
0.874626
1.29899
0.43629
0.803073
0.933156
0.722429
0.706588
0.993244
0.405721
0.918719
0.992297
0.562458
0.612751
1.29013
1.68669
1.22392
0.833494
0.80741
0.806943
1.30268
0.963939
1.18544
1.00531
1.03181
1.34393
0.842784
1.76471
1.09287
0.80783
0.974477
1.10196
0.888105
0.586546
0.496473
1.10396
0.797887
0.727156
0.619033
0.827866
1.02591
0.919744
1.01648
1.03195
1.31453
1.21177
1.05111
0.83981
1.05594
1.15004
1.193
0.98324
1.14383
1.20168
0.748689
0.937077
2.13073
1.02392
0.800404
1.05167
1.45871
1.03446
1.21149
1.37898
1.92636
0.807566
1.2579
0.332528
1.08489
1.174
0.856839
0.900076
1.44925
1.41918
1.09621
1.34044
1.07079
1.07119
1.34695
1.1756
1.07857
0.593064
1.39944
1.16047
1.0932
0.712219
1.0529
1.22605
0.952504
0.711095
0.890698
1.31307
0.4322
0.572951
0.949011
1.0281
1.19808
0.631116
1.24368
0.664142
1.23625
1.08001
1.56318
1.28838
1.03446
1.20546
0.735291
0.766567
0.800077
0.83304
0.725363
1.55286
1.13098
0.831478
0.793544
0.723488
0.913663
0.698055
0.724012
1.02579
0.668938
0.589444
1.15141
0.889526
1.39195
0.988554
0.953753
1.26116
0.978125
1.05421
0.789144
0.702119
0.641327
0.805331
0.687099
0.896184
1.13678
0.720145
0.949473
0.817772
1.40364
1.08492
0.792584
0.544786
1.04703
0.908007
0.910718
0.637999
1.10446
0.779793
0.568178
0.683157
1.30506
0.910943
0.6649
0.9834
0.727945
1.08237
0.547959
1.05819
0.908342
0.60636
1.06069
0.727818
0.943065
0.970843
1.46862
0.751225
1.11518
1.25722
1.45294
0.821529
0.546612
0.560267
0.954074
0.853349
0.999881
0.897931
0.428144
0.622159
0.897757
0.645258
0.823555
1.2658
0.422656
0.917245
0.896092
0.722986
1.43299
0.800095
0.74523
0.85813
0.938547
1.43591
0.672975
0.623308
0.968671
1.26705
0.860941
1.09852
0.829817
0.555196
1.01118
0.990769
1.88701
1.40643
1.75414
0.668207
0.574015
0.782271
0.806991
0.91481
1.18053
0.761136
0.984824
0.532679
1.19935
1.06484
0.951539
0.705968
0.695025
0.694289
1.26634
0.661
0.834477
0.588735
1.25679
0.871651
0.70337
0.894943
0.987794
0.835685
1.2855
0.9789
1.24694
1.1239
1.07821
0.828688
0.881187
0.966234
0.614304
0.887494
1.16697
0.549823
0.992115
0.847626
0.803294
0.608905
0.763991
0.930737
1.43805
1.0942
0.680236
1.10009
1.00078
0.488151
0.702453
0.868455
1.04827
1.23241
0.631205
1.2663
0.567569
1.49668
1.36787
1.33507
0.884977
1.50721
1.31477
1.07778
0.775577
1.18847
1.07514
0.821855
1.44981
0.892014
0.801523
1.31414
1.19886
0.92081
1.12564
0.502015
1.07108
1.09467
0.722784
0.438737
0.595519
1.01999
0.918514
0.492375
1.15777
0.603487
0.497852
1.05995
1.19004
1.28022
0.673495
0.926829
1.20808
0.958509
2.24351
0.545427
0.826398
0.79869
0.713573
0.640046
0.634581
0.635958
1.17418
1.29083
1.01749
1.07352
0.785828
0.767928
0.351588
1.26444
0.71979
0.883705
1.74626
1.34544
0.823311
0.372388
0.870037
1.10878
0.828371
0.760124
0.80921
0.419788
1.03712
0.958168
0.797168
1.61935
1.0532
0.671496
0.837576
0.617172
1.64747
1.66557
1.4125
0.982003
1.02244
1.00595
1.07696
0.967449
1.83982
1.60415
0.429824
1.53281
1.06325
0.537157
0.685188
0.812786
0.888885
1.02824
1.20937
0.601719
1.32575
0.657404
1.20845
0.939445
0.943207
1.07401
0.719157
1.04748
1.27376
0.857238
0.789171
0.571649
0.910434
1.09846
1.56211
0.945914
0.485517
1.13946
0.724532
0.605329
0.926771
1.12621
1.0924
1.56278
0.709905
1.38169
0.874701
0.759469
0.993887
1.78574
0.829609
1.08751
1.18105
1.3331
0.792612
0.911549
1.18226
0.943302
0.822424
0.928343
0.944303
1.21811
0.530603
1.43954
0.707057
1.16189
1.22828
0.711871
1.13083
1.08296
0.938941
0.785786
1.23961
0.898578
1.06603
0.498427
0.977781
0.665903
1.35907
0.709086
0.878348
0.904629
0.87417
1.29099
0.382332
1.28763
1.00325
0.577451
1.04495
0.946721
1.23572
0.761746
0.812407
1.11382
1.44126
1.04278
1.08885
1.23728
0.812853
0.819464
1.07423
1.35855
0.782301
0.38451
1.21988
0.897397
1.50968
1.91831
1.10968
1.10815
0.782039
1.25467
0.927207
0.93959
0.700468
1.33753
1.47007
1.05714
1.21127
1.00009
0.697505
0.792486
0.859728
1.45171
1.01873
0.840565
1.85451
1.02083
0.899469
0.934844
0.993212
0.524941
0.488206
1.43933
0.934053
0.869118
1.12273
1.06487
1.47201
0.691702
1.15099
1.4405
0.686753
1.19082
1.04983
1.2645
1.00146
1.51885
0.833976
0.945588
1.25705
1.07426
0.726631
0.745666
1.01115
0.538877
1.214
0.908546
0.523736
0.455418
0.773988
1.05288
1.3442
1.23355
0.961422
1.50667
0.654348
0.808582
0.772599
1.26904
0.767814
1.33934
0.959499
1.2961
1.6751
0.654073
0.709739
1.65289
0.708105
0.892333
0.736064
1.25498
1.40475
1.90202
1.01768
0.64981
0.801709
0.695393
1.24646
0.655999
0.59529
1.63114
0.845433
1.0979
0.583489
1.2092
1.3527
0.708463
1.06599
1.21595
1.00028
0.665016
1.35605
0.364619
0.57524
1.14172
0.655508
1.08624
0.644921
0.724269
0.774341
1.01563
1.08526
1.4392
0.932627
0.739725
1.42851
0.564633
0.655346
1.4624
1.54454
0.981472
1.01701
1.02331
1.46493
1.14204
1.38223
1.07952
1.616
1.1522
1.44102
0.812415
1.52988
0.821029
1.13589
1.37574
0.752848
0.842791
1.31412
1.02833
0.875125
0.611867
0.63702
1.5012
1.34684
1.31126
0.671895
0.63064
1.06408
1.03525
1.05921
1.00595
0.935271
1.07141
1.04097
1.23312
1.01074
1.03503
1.18295
0.626995
0.751838
0.926811
0.674676
1.32146
2.07154
1.51282
0.687581
0.586179
0.692598
1.01227
0.878558
0.893636
1.12638
1.11126
0.914066
0.463376
1.04896
1.0726
1.16952
0.799406
0.524947
1.08786
1.3168
0.922547
0.660045
1.231
1.13608
1.01947
0.852754
0.697878
0.95199
0.871386
1.52667
0.769144
1.03804
0.560767
1.27555
1.41945
0.908319
1.02712
1.32667
0.586428
1.21489
0.918583
0.67265
0.850516
0.945119
1.22712
1.10069
1.21509
0.733657
0.98441
0.721914
1.67744
1.0876
1.14692
0.579554
1.3566
1.05785
0.953832
0.975125
1.10582
0.659788
0.78085
0.523806
0.65355
1.01013
0.672189
0.76278
1.08781
1.00628
0.985724
1.01332
0.86392
1.45921
0.637236
0.562738
0.529177
1.37862
1.00916
1.61231
0.538751
0.46774
0.822941
1.33844
0.922619
0.909398
2.27124
0.911035
0.447526
1.02065
0.727553
1.32272
0.589617
1.25958
1.26557
1.00503
1.50068
0.959007
1.06203
0.620387
1.59526
1.02671
0.727233
1.3299
0.908609
0.883294
0.902222
0.51185
0.799689
1.23171
0.82619
1.03643
0.81
0.458625
0.395713
1.59997
1.25527
0.914924
0.944407
0.789767
1.85916
0.402465
0.964415
2.0481
1.51727
0.627406
0.723718
0.968355
1.15467
1.36745
0.948565
0.677374
0.888367
0.556049
1.12233
1.19486
0.820178
1.20624
0.489868
1.08605
0.855711
1.15762
1.01568
1.00439
1.47104
1.61453
1.00327
0.94069
0.701752
0.793766
0.969304
1.25968
0.656898
1.62323
1.22858
1.09164
1.05382
0.674563
0.683694
1.17616
0.448762
1.41932
1.24401
1.00432
1.33918
1.19813
0.686698
1.34077
1.20221
0.974266
0.948636
1.43764
0.974638
1.02372
0.599819
1.5552
1.02751
1.1893
0.842691
0.963932
1.39326
1.01497
0.561559
1.56604
0.873893
0.71383
1.74286
1.26349
0.993057
1.52964
0.521093
0.649979
0.995483
0.92007
0.654845
1.36389
1.06354
1.19778
1.22305
1.21206
1.09913
0.982163
0.988042
1.03403
0.58259
0.959438
1.00907
0.867592
1.16252
1.14739
1.35693
0.977815
1.40028
1.24123
1.59295
1.41036
0.688676
1.01734
1.47038
0.817504
1.23994
1.21816
0.875651
1.15581
1.03603
0.704245
1.05732
1.34651
0.734456
1.6876
1.62154
1.1527
0.869603
1.44093
0.62952
1.78071
1.18089
1.43064
1.2234
1.25337
1.21236
1.1473
1.35335
1.47561
0.879832
0.759408
1.27384
0.910587
1.03455
0.928798
0.958113
1.79807
1.06985
1.11322
1.07038
1.14749
1.22714
1.67857
1.27521
0.549944
1.3327
1.15013
0.911902
0.765519
0.721928
0.465317
1.22229
1.15657
1.36427
0.754656
0.840506
0.737395
0.774002
0.974758
1.21029
1.60225
0.790575
0.658187
1.12919
1.16271
1.28843
0.74375
0.752258
0.786108
1.2055
0.869642
1.0034
0.413473
0.99079
0.981353
1.80343
1.52577
0.699335
1.21621
1.03318
0.593146
0.646593
1.57991
1.13709
0.492994
0.963271
1.50185
1.69736
1.0265
0.638071
0.882798
0.75746
1.18921
0.766329
1.46846
1.0595
1.51917
1.20953
0.819573
1.10922
0.667645
1.13561
1.16559
0.8909
0.863481
1.54891
0.939787
0.616353
1.04929
0.816259
0.787273
0.927805
0.783909
1.00454
1.82858
0.78201
0.956221
1.04077
0.521276
0.763401
1.20349
0.911117
0.971857
1.23118
0.739768
0.925964
0.803333
0.829472
0.6665
1.44857
1.07268
1.58962
1.67024
0.708221
0.971335
0.96371
0.892547
0.724863
0.972206
0.711385
0.707738
0.768049
0.743759
0.865087
1.5787
0.934897
1.23251
1.05916
0.766258
0.904528
0.700387
1.16402
1.11611
0.940951
0.826073
0.733891
0.824002
1.88025
0.845722
0.79199
1.49457
0.677591
2.35115
0.877749
0.660455
1.25463
0.704583
1.33579
0.863137
0.682579
1.55367
0.793743
0.886018
0.792981
0.744822
0.673941
0.835505
0.783624
1.40443
0.972503
1.05543
0.734236
1.02147
1.16508
1.54965
1.34053
1.57885
1.28844
1.06547
0.912124
0.625625
0.676823
1.084
1.63851
1.81509
0.535008
0.868016
0.93848
0.732738
0.479733
0.847388
1.1492
1.07357
0.603095
0.69455
0.835201
1.22005
0.974579
1.13296
1.575
1.07776
0.682616
0.747116
0.822741
0.842926
0.938656
0.602631
1.22921
0.596381
0.716761
0.532666
1.30627
1.03646
0.800921
1.26282
1.23662
1.15167
1.46972
0.972641
0.729851
1.11839
1.16652
0.84957
0.668971
1.3024
1.2006
1.65124
0.496129
1.20404
1.15202
1.69178
1.41171
1.52601
0.888816
0.73361
0.628003
0.727214
0.919501
0.814549
1.02068
0.47159
1.23232
1.19862
1.11933
0.872044
1.05367
0.524638
0.862879
1.25104
0.731084
0.776253
1.23743
0.790437
1.09986
1.31499
0.811487
1.13301
0.770078
0.950505
0.678895
1.06661
0.454438
0.968895
0.601427
1.1029
0.937207
1.59352
0.986735
0.506469
0.941819
0.92635
0.952697
1.77927
1.35002
0.801333
0.853246
0.944321
1.88111
0.925859
1.45408
0.927828
0.85459
0.869387
0.980767
1.12162
0.984891
0.625695
1.14429
0.932344
1.23754
1.54957
0.543822
1.19329
0.780917
1.32065
1.25575
1.0912
1.24089
1.01291
0.632951
0.934988
0.733473
1.3897
1.24114
0.55681
0.774623
0.819283
0.872758
1.37496
1.09227
1.23441
0.855952
1.03806
0.708147
0.819397
1.11425
1.46728
0.723126
0.815635
0.573923
1.86072
1.08327
1.29906
0.8855
0.78284
1.2129
1.33617
0.926579
1.33839
1.3073
1.03173
1.1832
1.11706
1.41328
1.59226
1.33035
1.04993
0.900921
0.870868
0.616934
0.798239
0.917887
1.35067
0.736847
1.14416
1.39773
1.19841
1.08478
0.674771
0.986836
0.47
0.934527
0.71242
0.697276
1.20529
0.983974
0.547582
0.906336
0.940645
0.965946
0.841833
1.42012
0.614677
1.15121
0.617814
0.944695
1.04983
1.41297
0.89509
0.331351
0.88516
0.992025
0.444044
1.06671
0.578944
0.635647
0.863679
1.34947
0.732555
0.766565
0.754593
0.957146
0.774174
1.11541
0.867665
0.721174
1.33242
0.840269
1.14855
1.52681
1.1495
0.661833
0.722627
0.767063
0.46987
0.770054
1.09952
1.36897
1.92449
1.43883
1.60912
0.859032
1.00983
0.611947
1.14163
1.08392
1.09948
1.19335
1.15657
1.13079
0.823274
1.14896
0.937298
0.938569
1.27743
0.548003
0.706014
1.69123
0.543173
0.951963
0.968545
0.945996
1.16977
0.935127
1.35571
0.962671
0.598459
0.915358
0.901791
1.19829
0.959282
1.42903
1.45579
1.16697
0.792673
1.27777
1.42447
0.594192
0.702715
1.15416
0.885343
0.881661
0.925076
0.713597
1.13803
1.09688
0.941211
0.902188
1.30353
0.798147
0.640319
1.10113
0.965672
1.58997
0.857802
0.551394
0.948233
0.637225
1.06676
0.855903
1.35553
1.37513
0.958013
0.664875
1.14606
1.59526
1.08482
0.901569
0.962981
0.956057
1.2585
1.05541
1.10147
1.3212
1.23563
0.876725
1.1487
1.21944
0.750473
0.62439
0.909646
0.820917
0.529519
0.545394
0.626216
0.875756
1.30836
1.37786
0.68789
1.655
1.24529
0.826792
0.516029
0.680749
0.910275
0.62945
1.10288
1.15091
0.850629
0.764879
1.06003
1.21033
0.699315
0.734871
0.891174
1.3657
0.944377
0.75
1.53528
1.34213
1.07059
1.30103
0.688549
0.991255
1.11828
1.06389
0.817501
0.492995
0.7769
1.31546
1.11772
0.536499
1.16395
1.57957
0.994069
1.1694
1.13916
1.18217
0.48257
0.831269
0.678396
1.08324
0.830731
1.60031
1.06174
1.38949
1.10732
0.820101
1.12112
0.898736
0.892181
0.821668
0.966929
1.6256
1.20228
0.654721
0.970293
0.877964
0.90342
0.673078
0.714874
1.35434
0.788226
1.54603
0.971665
1.26204
0.966306
0.54499
0.626092
1.12165
1.34948
1.34067
1.48729
0.82958
1.62605
0.853611
0.700269
1.02125
1.20516
2.03548
0.918954
1.21777
1.41431
1.06412
1.2061
0.519432
0.662837
1.03797
0.966538
0.523969
1.16689
1.06873
1.13583
0.846132
0.852273
0.935122
0.917379
0.657783
1.07968
1.06892
0.671449
1.4018
1.18463
1.002
0.905662
0.685828
0.711756
1.1992
0.89588
1.04579
0.69288
0.99713
0.940945
1.04944
0.804711
0.962875
1.12896
2.67847
0.995934
1.05722
1.1663
1.16043
0.985016
0.958847
0.902423
1.15167
0.888937
0.856746
0.75056
1.00604
0.408432
0.45514
1.2249
1.40491
1.20238
1.31263
1.03382
0.754419
0.579728
0.647693
1.18541
0.756505
0.717829
1.35491
1.3679
1.36914
0.713812
0.435885
1.0582
0.875831
1.273
1.03245
0.588658
0.634251
0.673714
0.761076
1.45755
1.00957
1.18795
0.878241
0.718977
1.0874
0.992318
1.28028
1.12606
1.06198
1.05925
0.575513
0.590763
1.14489
0.785601
1.66982
1.90125
0.891494
0.917478
0.855119
0.869245
0.898705
0.596421
1.22848
1.19384
0.886392
1.02057
0.943378
1.1113
1.00437
0.877701
0.65186
0.516059
1.00313
1.07013
1.00001
0.45213
1.23221
2.36072
0.873966
1.09889
1.90144
0.661197
1.22081
0.930006
0.863523
2.08398
1.08909
0.699785
1.00814
0.593574
0.644636
0.716508
1.15238
0.924287
0.551355
1.44622
0.721004
0.368134
1.08774
0.648429
0.83115
1.55557
1.07447
1.04626
1.27692
1.10359
1.42379
1.25728
0.525024
1.3056
1.15365
0.876077
1.12317
0.765984
1.06784
0.614597
0.522853
1.1068
0.873997
0.783536
0.681994
1.32587
0.845898
0.836689
0.783724
1.2171
0.466292
0.814192
0.693474
0.340394
0.58877
1.12308
0.648942
0.47157
0.646663
0.579946
0.915364
1.40663
0.850911
1.13619
0.998834
1.07566
1.29669
1.25608
1.62779
1.17144
1.18598
1.00383
0.951437
1.59793
0.470936
0.646143
1.0496
1.56903
0.90397
1.16944
0.664433
0.789239
1.10732
0.47656
1.2881
1.35082
1.10372
1.51941
1.45379
0.891053
0.834077
0.576418
0.678599
0.849218
0.920487
0.623545
1.04306
0.708302
0.914788
0.814165
0.947202
0.700892
0.744381
0.946172
0.803346
1.50171
0.794472
1.19816
0.518946
1.0816
0.908732
1.19939
0.81002
1.6596
1.14178
1.2306
0.846788
0.740415
0.655501
1.13701
1.09465
1.49098
1.31301
0.593044
0.500771
0.77871
0.691469
1.20309
1.51847
0.590811
0.877763
1.47472
0.490896
0.890313
0.695046
0.574135
1.35494
0.837064
1.25151
0.825924
0.674783
1.00486
0.670495
1.17321
0.9846
0.911976
0.662459
0.439711
0.505396
0.736827
0.654067
0.831135
0.662163
0.953749
0.818909
1.12628
1.06188
0.815897
0.872371
1.00028
0.762513
1.67254
1.23071
0.912757
1.02604
1.22968
0.580889
0.684857
2.03411
0.743061
0.504232
0.834887
1.1843
0.811067
1.05261
1.03207
0.604306
1.36171
1.45744
1.48788
0.892211
1.24696
1.13406
0.717424
0.992186
1.08351
1.14192
0.619886
1.0647
0.949509
1.41678
0.910279
0.669408
1.01014
0.611535
0.54314
1.36976
0.957916
0.697144
0.692447
0.753659
0.464389
0.994733
1.14008
1.24681
0.956698
0.818105
0.717568
1.02219
0.714574
0.706781
0.366105
1.33126
0.785216
1.09107
1.6445
0.567755
1.0944
1.59081
1.40545
0.923212
1.01847
1.21819
1.41796
1.33205
1.37361
0.972056
0.580925
0.324297
1.89952
0.940302
1.41008
2.00896
1.14489
0.951613
0.911414
1.19183
0.522252
1.60066
1.44059
0.705361
1.48065
0.930362
0.968359
1.11013
1.81784
0.944591
1.94334
0.913589
1.16335
0.558147
1.13945
0.96267
0.754502
1.07722
0.964656
0.453875
1.51152
0.554503
1.43883
1.45831
0.858461
1.21404
0.841091
0.675079
0.762902
1.32485
0.981517
0.919917
0.919669
1.19017
0.963208
0.78907
0.854888
0.601988
0.868331
0.435447
0.883879
0.807524
0.900293
1.52701
1.38793
0.799653
0.907503
0.94246
1.34143
0.920781
0.920166
1.27685
0.715917
1.09869
0.937825
0.919601
1.38007
0.593996
0.841217
0.556112
1.532
0.925278
0.720118
1.07649
1.08463
0.799757
0.943819
1.34597
0.654501
0.769504
1.18017
0.901975
0.83677
0.97721
0.682036
0.774888
1.34287
0.696833
0.766063
0.821507
1.60822
1.35838
0.381548
0.611807
0.70892
1.03149
1.13239
0.378645
0.714596
1.48902
0.902901
0.506322
0.874381
1.29532
0.73168
0.828533
1.3246
0.908863
0.526486
0.639968
1.00716
0.921526
0.766509
0.717772
0.503525
1.27501
1.17644
0.867279
0.959326
0.983387
0.730334
1.23917
0.94257
0.94642
0.712868
1.28435
0.874253
1.2102
1.08782
1.09753
0.791646
0.992452
0.829592
0.867637
0.856326
0.726899
1.22364
1.02151
0.703991
0.628926
0.727648
0.722623
0.895756
1.1887
0.665969
1.16099
0.670932
0.616812
1.38186
1.21413
0.541056
0.601232
0.713165
0.847589
0.944684
1.01713
1.13606
1.00999
1.40318
1.36857
0.630427
0.768849
1.27973
1.22473
0.727962
1.05945
1.3966
1.12324
0.825085
1.55185
0.754672
0.705238
0.823114
0.761905
0.969376
1.32617
1.27211
1.08071
1.11657
0.730642
0.340967
1.2437
0.708058
0.722238
1.66074
1.55523
0.609246
1.37792
0.575415
0.676412
1.30702
0.753502
0.7178
0.782702
0.784595
0.58425
0.59074
0.929792
1.0367
1.04878
1.09701
1.4609
1.9024
1.26302
0.611116
0.830938
1.03569
0.658067
1.382
0.703981
1.03409
1.64852
0.972486
1.14204
1.82481
0.630381
1.02363
0.456217
0.855335
1.50745
1.00235
0.906047
1.66445
1.16198
1.26151
1.52841
0.892132
0.477793
0.78485
0.845441
1.09247
1.26907
0.87318
0.999213
1.26916
0.771129
1.69411
1.08615
0.596975
1.41779
1.27586
1.03196
0.78818
0.543899
1.1784
0.822346
0.847794
1.27956
1.22311
1.55051
0.880963
0.906078
0.411678
1.01358
0.652508
0.988893
0.838433
1.07642
1.42062
1.06438
1.61243
1.5036
0.961838
1.43209
0.741748
0.986123
1.08853
1.22676
0.590478
1.52621
0.508482
0.561658
1.51953
0.645906
0.357553
1.06009
0.800309
0.776218
0.667753
0.493398
1.10687
0.785288
0.785808
1.27151
0.789318
0.881917
1.16311
0.675911
1.30305
1.5984
0.795683
1.01974
1.24407
1.21938
0.686096
0.952821
1.08752
1.04182
1.15305
0.894921
1.04495
1.36245
1.54739
0.506636
0.70358
0.966154
0.338867
1.12091
0.682373
0.445118
0.971626
1.1002
0.710914
1.13915
0.6936
1.18784
0.810666
1.45385
0.697679
0.915755
1.15448
1.24887
1.72391
1.1424
1.04955
0.690752
1.57919
1.25386
1.39846
1.04746
1.34704
1.10688
0.504735
0.948168
1.16908
0.933762
1.02049
0.88508
1.00386
0.6654
0.529973
1.31332
0.814281
1.21159
0.838512
1.21019
1.23836
1.1566
0.869345
1.06992
0.952913
0.951671
0.647404
1.96441
0.636997
0.975012
1.5345
1.39586
1.06425
0.890338
1.43311
0.615304
0.848806
1.47436
1.32911
0.775881
0.736604
0.95587
1.27145
0.696604
1.17113
0.977761
0.807713
0.71908
0.662446
0.627526
0.546401
0.896548
0.889049
0.865094
1.35063
1.20255
0.570351
0.81255
0.857919
0.580337
0.665522
1.22592
0.591118
0.981229
1.15822
0.819544
0.989383
1.77376
0.823876
0.883694
1.42501
0.859303
1.32379
0.387888
1.49387
0.899977
0.699561
1.13083
0.906845
0.681475
1.17881
1.40453
1.39374
1.2186
0.784594
1.28532
0.699881
0.427869
1.04459
0.41949
0.792614
1.26326
1.15278
0.965386
1.04441
1.05424
0.828127
0.583095
0.601829
0.56173
1.21554
0.986149
1.72603
0.75927
1.04984
1.02531
1.07622
2.10983
1.11287
0.97737
1.01942
0.745886
1.03627
1.0611
0.717777
0.865341
0.55762
0.737997
1.18208
1.2165
0.735984
1.07308
1.04952
0.632018
0.913464
1.86599
0.675272
0.937784
0.838578
0.856684
1.43038
0.844755
0.783191
1.2829
1.20739
1.18052
0.617419
0.368415
1.26316
0.861707
1.07847
1.6778
1.07355
0.648049
0.486823
0.897018
1.31404
0.999879
0.957832
1.32159
0.761556
1.5442
0.567927
0.67418
0.859387
0.659677
0.820582
1.45346
1.27161
0.763215
0.912809
0.836616
0.877856
0.828233
0.236846
0.96146
1.65744
1.07168
1.01865
1.11225
0.963706
0.625862
0.897856
0.647263
1.0756
0.907057
1.37433
1.19853
0.925588
1.03955
0.812675
0.84952
1.10325
1.06518
1.06824
1.20173
0.721723
0.496018
1.19759
0.948909
1.17757
1.08513
1.07272
0.607321
1.19186
1.6969
0.775747
1.09192
1.08417
0.828882
1.35008
0.827065
0.873263
1.24448
0.900037
1.17016
1.20717
1.06273
1.69041
0.775317
0.639816
0.876144
1.0753
0.950793
1.16394
1.03276
0.891913
1.64293
0.762022
1.4103
1.40839
0.677271
0.7437
0.667773
0.828949
0.799303
1.10522
0.770044
1.22885
0.941376
1.53559
0.991907
1.02324
0.366729
0.561459
1.32889
2.09673
0.648442
0.764932
0.652101
1.65861
0.549341
1.66464
0.857205
1.03501
0.808193
0.951637
1.17879
0.80499
0.967268
0.901809
0.526344
0.84137
0.889661
0.720095
0.927847
0.774548
0.984741
0.831828
0.610797
0.597234
1.16429
0.660511
0.373134
0.70225
1.04424
0.866371
0.918655
0.915524
1.45825
1.20828
1.01802
0.513891
0.881263
0.673223
0.891045
1.21281
1.32783
1.12352
0.640925
1.25883
1.13889
0.796897
1.00452
1.37554
1.27131
1.21433
0.951825
0.848706
0.652946
0.847608
1.06858
1.28784
1.23253
0.635135
1.123
1.15594
0.887957
0.768065
0.577895
0.745962
0.553273
0.790629
1.55436
0.786799
0.606526
1.31812
0.843815
1.02737
1.13952
1.25889
1.22906
0.854378
1.28003
0.96875
1.29278
0.6009
0.578123
0.761339
0.728702
1.43395
1.2792
1.52847
0.708393
1.0097
1.11209
0.448881
1.02686
1.35675
0.938518
0.562889
0.892243
0.886392
1.44425
0.86356
0.956614
1.10138
1.03708
0.819341
0.651258
1.68901
0.780408
1.14835
1.01984
0.515928
0.831667
0.620638
1.30821
0.9531
1.4824
0.688914
1.87582
0.64701
1.11988
0.875726
1.37446
1.31783
0.9935
0.736498
1.22899
0.692524
0.852909
0.832173
0.930523
1.17338
1.047
1.24692
0.85282
0.999355
0.946295
0.485328
1.30833
0.894584
0.919807
0.932647
0.883545
1.18952
0.556312
1.30174
1.13975
0.84672
1.13263
0.860075
0.990056
0.854837
1.41335
1.71334
1.1297
0.861262
0.885771
1.0081
1.19673
1.29438
0.983679
1.0444
0.754653
1.7585
0.823569
0.940975
1.07094
1.2178
0.69259
0.769916
1.16141
0.925278
0.730786
0.659302
0.946782
0.709014
1.24678
0.853028
0.56716
1.38998
0.814801
0.978961
0.784538
0.685899
1.50677
0.669904
1.12042
0.621538
1.04489
0.317105
0.459365
1.75305
0.565843
1.44042
0.964566
0.547803
1.25703
1.61465
1.2564
1.29989
0.584498
1.18218
1.24368
1.2957
0.906366
2.14984
1.13406
0.95409
0.922929
0.88671
0.783836
0.78242
1.96079
1.1848
0.62207
0.794522
0.820976
0.749091
1.2566
1.35888
1.44459
0.731118
0.706456
0.533867
1.2811
1.11799
1.10962
1.24575
0.921792
1.32013
0.948264
0.679943
0.69647
0.686769
1.07514
0.907064
0.810133
1.30242
0.73791
0.945303
1.1901
0.801226
1.0286
0.950622
0.760878
0.926576
1.17481
1.18752
0.817504
1.06334
0.622719
1.02328
0.617291
1.16391
0.659648
1.06695
1.40399
0.639702
0.780414
1.21587
1.23131
0.562114
1.09811
0.583816
1.05818
0.680987
0.88608
1.5511
1.03417
0.686503
1.54633
0.713588
0.844665
1.57044
0.70412
0.974588
0.558421
0.646163
0.944771
0.828865
0.900849
2.06123
1.09635
1.15157
0.852461
0.775316
1.00678
1.50669
0.68218
0.939491
0.94654
0.552957
0.933465
1.38595
1.34575
0.563946
0.638951
1.41424
1.44073
1.2629
1.07185
1.38095
0.734702
1.09284
0.825202
0.792202
1.55704
0.891627
0.903802
1.25229
1.03298
1.50373
1.28077
0.893999
0.430021
0.684985
1.16165
1.29822
1.26486
1.3252
0.691669
0.697549
0.79763
0.771378
1.03904
1.32673
0.916377
1.18912
0.683849
1.14183
1.17046
1.98181
1.52089
0.723273
0.7719
0.738828
1.47184
1.14677
0.675643
1.17043
0.523651
1.0107
0.951308
0.976317
0.856717
0.703691
1.08316
0.958496
0.694483
0.893791
0.737269
0.926488
1.61601
0.962825
0.509455
1.39191
1.15742
0.773703
0.882067
1.44563
1.02333
1.01135
0.475534
0.588229
0.720343
1.13545
0.633929
0.694211
0.942128
1.20386
1.4254
0.484892
1.28609
1.21306
0.725547
0.942947
0.730531
0.664133
0.633506
1.36924
1.26675
1.46404
0.912078
0.993849
0.655199
0.9225
0.731536
0.855059
1.13004
0.539615
1.01958
0.816232
1.39406
1.2494
0.679016
0.792493
1.28569
0.618673
0.536938
1.10144
1.00397
1.54897
1.59122
0.987947
1.06484
0.614012
0.594424
1.22806
0.827429
1.0926
0.826684
0.925163
0.742697
1.49275
1.33559
0.737621
1.1992
0.473856
1.1311
1.49577
0.506388
1.2152
1.6478
1.11796
1.04849
1.3319
1.07252
0.862421
1.2333
0.795678
0.924776
0.95312
0.999423
1.12007
0.899731
1.39471
1.44182
0.705742
1.01698
1.65446
1.13257
1.5933
1.26799
1.3402
1.25347
1.30047
1.20049
1.18617
1.14515
1.27796
0.62101
0.830712
0.690989
1.0548
1.81366
0.644897
2.20205
1.0581
0.793887
1.77957
0.537579
1.44353
1.45914
1.13554
0.906994
1.30644
0.711679
0.947415
1.30504
0.662568
1.30168
1.27633
0.820045
1.501
1.01899
0.979106
1.36931
0.898377
0.569112
0.965624
0.685268
0.726456
1.00471
1.00195
0.817894
0.517522
0.715546
0.799981
0.703979
1.06139
1.38057
0.801251
1.73264
0.78554
0.884693
1.59984
1.37601
1.06106
1.24751
0.67609
1.36595
1.30028
1.0699
1.14429
1.04345
1.36387
1.5264
1.033
0.742724
1.15614
1.07103
1.02421
0.866196
0.596388
0.96647
0.963108
0.723283
0.556942
0.996094
1.06606
0.520337
1.09188
1.1788
0.761604
1.18341
1.3454
1.30926
0.682112
1.05356
1.0114
0.642404
0.632698
0.686788
0.982944
0.802413
1.30954
0.935168
0.949441
0.905323
0.935632
1.01379
1.30908
1.00608
0.844938
1.4674
1.07376
1.37127
1.32045
0.717849
1.37768
0.7276
1.19321
1.37735
1.21508
0.669703
0.724755
0.783282
1.15426
1.14027
0.935986
0.836869
0.705123
1.50641
0.880082
1.33699
0.733527
0.817484
0.649491
1.2142
1.5808
1.0488
0.912074
0.823302
0.837774
0.754235
0.853326
0.871117
0.536869
0.854183
0.622428
1.52059
1.35371
0.878447
0.61733
1.03126
0.692036
0.742613
1.06468
0.975777
1.11212
2.00801
1.52775
1.11494
0.985174
0.936016
1.06324
0.737228
1.45886
0.710515
0.936762
0.691502
0.663279
0.901983
0.586925
0.621561
0.990453
0.954019
1.09997
0.8747
0.845848
0.570113
1.13895
0.951735
0.763366
0.769057
1.00873
0.774617
1.08703
0.861045
0.438648
0.530965
1.53512
1.35147
1.0914
0.943901
0.755957
1.09017
1.40772
1.1949
1.09044
0.808116
0.998472
1.01129
1.08065
1.02702
1.20918
0.92816
0.836055
0.861234
0.451232
1.00468
0.95715
1.0909
0.970556
1.06805
0.853318
1.18484
1.18989
1.75367
0.744709
0.921801
0.909856
0.646617
1.57991
0.830821
1.24256
0.6152
1.16653
0.999734
0.934062
0.725115
0.9379
1.46586
0.795569
1.20579
0.857799
1.0016
1.38356
1.30768
1.22002
1.22937
0.725556
1.09466
0.579887
1.35259
1.06593
1.3994
1.37887
0.729299
1.36256
0.882721
1.05912
1.39701
0.534743
1.09187
1.15859
1.38829
1.46042
1.36094
1.17457
1.34483
1.32092
0.886785
1.16501
0.740897
1.06996
0.984177
1.24038
0.855747
0.594133
1.3381
0.892699
0.839278
0.813554
1.02134
0.895069
2.11851
0.714674
1.20613
1.19469
1.0127
0.633829
0.687213
1.02823
0.900707
1.41695
0.822832
1.62704
1.06294
0.826485
1.14198
0.599944
1.21967
0.6313
0.97265
1.56058
0.735553
1.23813
1.02131
0.798116
0.721382
1.49201
0.887173
0.991417
0.550015
1.13681
0.440938
1.35277
1.31292
1.07418
0.712616
1.06088
0.893895
0.78625
1.10932
0.823189
1.34897
0.714198
0.975971
1.18471
0.948405
1.2294
0.779337
0.802567
0.948043
1.50887
0.830965
0.626099
0.831798
0.609054
0.544012
1.37361
0.922228
1.06183
1.22834
0.7157
0.794318
0.901999
1.00205
1.00698
0.999967
1.18313
0.907338
0.674876
1.09895
0.458857
1.01654
0.834401
0.531943
1.26682
0.76397
0.848677
0.90027
1.27435
1.10216
1.47126
1.44766
0.705826
0.874935
0.915148
0.947737
0.524551
1.73215
0.89227
0.837304
0.913727
1.33114
0.995723
0.514943
0.985259
0.590712
1.58575
1.17312
0.797676
0.970592
1.00811
0.747678
1.37375
1.05134
1.24111
0.878941
1.01691
0.982595
0.734629
0.852833
1.40509
0.799441
0.651871
0.520901
1.05582
1.08093
0.833347
0.980752
0.929478
1.12555
0.803621
1.08703
0.777622
1.35132
1.05247
0.579836
0.771497
0.98945
0.59786
1.45083
1.01912
0.761904
0.730642
1.51032
0.682663
1.30755
1.88612
0.81028
0.824068
1.1775
0.805689
1.31107
0.769396
0.861363
1.05656
0.998183
1.07116
0.963725
1.4652
0.751293
0.837579
0.856861
1.68592
0.817333
0.56782
0.529076
0.68083
0.884844
1.1387
1.12323
0.638245
0.795109
0.866064
0.527948
1.86099
0.97762
0.978419
0.685811
0.880212
1.30445
1.03405
0.87181
1.40282
0.771806
1.19142
0.432297
1.39611
0.980617
1.08693
1.00591
0.658442
0.953136
1.24163
0.960996
0.726124
0.865107
0.810157
0.919163
0.994597
0.631657
1.11406
1.45235
1.35583
1.31858
1.70734
1.05672
1.02357
0.6264
0.856721
1.95111
0.776491
0.72729
0.862673
0.815836
1.5496
1.34972
1.12386
1.42994
0.897581
0.975469
1.161
1.06628
1.4191
1.15255
0.732719
1.07127
1.3376
1.44041
0.803198
0.784251
0.90517
0.537646
1.39118
1.60363
0.661099
1.45469
0.672453
0.899929
0.892332
1.27797
1.11033
1.12863
1.0759
1.27927
1.55977
1.05342
1.18848
0.809686
0.760735
1.86262
1.12702
0.397379
1.03777
0.811545
0.666411
0.612958
0.867111
0.540092
0.618167
0.999518
0.954494
1.29443
0.918759
0.675118
0.907673
0.576446
0.545792
0.896423
0.865251
1.20046
0.851054
0.404424
1.1547
1.53795
1.0109
1.54722
1.4714
0.741122
1.23568
0.788893
0.961332
0.364887
0.784228
0.989123
1.58833
0.767506
1.1218
0.698841
1.10748
1.39054
0.687043
0.73135
0.975568
1.51863
1.19549
0.951691
1.04116
0.923249
1.8556
0.826466
0.635825
1.05462
1.20448
1.20359
1.23691
1.27252
0.78468
0.925419
1.75926
1.325
0.703852
1.31696
0.907226
0.866016
1.13617
1.19453
1.14358
1.62455
1.6655
0.973371
1.24701
0.680105
0.550941
1.03923
0.784266
0.744739
0.861718
0.839069
0.610841
1.31219
0.466645
0.948237
0.61498
0.865161
0.95547
1.31014
1.45776
1.06879
0.79235
0.687743
0.51522
1.04549
1.219
1.2817
0.731297
0.850306
0.837634
0.812784
0.820857
1.68296
1.03247
1.06454
1.36116
1.37648
1.18485
1.05674
1.28592
1.5434
0.628841
0.946973
1.77524
0.794816
0.82867
0.933431
1.26925
0.75286
0.639282
1.41016
1.67858
0.664825
0.778868
0.758369
1.56633
0.99068
0.99515
1.12959
1.52878
1.15542
0.71145
0.627456
0.889697
1.09456
0.856873
0.782193
0.823952
0.907246
1.30516
0.624722
1.2638
0.839282
0.804604
0.74087
1.1997
1.15466
1.36989
1.04651
0.598324
1.0271
0.786168
0.501908
1.31489
1.16678
0.933041
0.933481
0.660607
1.52452
0.864796
0.597725
1.21476
0.591292
0.736562
0.576561
0.740585
1.73393
0.742412
1.42943
0.766554
0.737402
1.80576
1.41747
1.17275
0.945565
1.26165
0.828997
1.18967
1.10835
2.02114
0.991534
0.719498
0.903299
1.29885
1.26487
0.835958
1.6594
1.08977
0.822921
1.147
1.74383
0.768892
1.54814
0.903137
1.23218
0.956918
1.18088
1.06071
0.881594
1.00961
0.899911
1.44048
0.695603
0.956465
1.66425
1.13068
0.761434
1.73143
0.901942
1.22905
0.953545
0.938713
0.766981
0.626164
1.36666
1.28575
0.982613
1.72917
0.848077
0.977396
0.754481
1.84172
0.97522
1.17723
1.03973
0.999349
1.00804
1.26242
0.668703
0.456404
1.15995
1.08605
0.902521
1.1593
0.827423
1.15109
1.38559
1.00765
0.960878
1.12477
1.22786
1.05285
1.31379
1.40569
0.636219
1.05022
0.400631
0.998147
1.79383
0.987773
0.763186
0.945756
0.645348
1.28004
1.23399
1.35076
1.87504
0.424593
1.16113
1.28846
1.39062
1.01782
1.60741
1.18022
1.49067
1.66453
1.09592
0.828935
1.04069
0.776004
1.26476
1.26612
0.989289
1.16347
0.654827
0.685736
1.35152
0.878148
0.870029
1.29603
1.28572
1.31925
0.938281
0.687279
1.34161
0.750758
0.788256
1.34106
1.5215
0.969943
1.50218
0.727913
1.30623
0.918214
0.703693
1.42199
0.633547
0.99206
0.934516
0.714519
0.626473
1.40649
0.68095
1.13975
0.949784
1.17733
1.23126
0.866536
1.15985
1.29171
0.766102
1.19286
0.653936
1.21944
1.00142
1.10889
0.789519
0.903031
0.968165
0.937541
1.00058
1.7336
0.777094
0.314755
0.593083
1.73306
0.961319
1.17939
0.950391
0.776731
0.285695
1.27922
1.05797
0.766467
0.706272
0.767271
0.808064
0.681605
0.929707
0.569083
0.708178
0.596728
1.57153
1.02442
0.790141
1.38793
0.726276
0.727922
0.769785
1.27073
0.619944
0.874947
0.937991
0.963022
0.886883
0.793973
0.671952
1.11339
1.05011
0.789291
1.43733
1.18188
0.76604
1.12043
1.06204
1.03023
0.986034
0.782999
0.627354
0.958462
1.29287
0.641392
1.29241
1.24867
1.25089
0.927616
1.18456
1.40597
1.58773
1.16754
0.724064
0.991818
1.17261
1.23226
1.37978
0.912217
0.808253
0.62233
0.543535
0.357675
1.59062
0.543008
0.751267
1.41767
1.01478
0.853583
1.21437
0.979244
0.765479
0.757037
1.0108
0.726283
0.652789
0.937196
0.924371
0.324933
0.503751
1.32798
1.52095
0.943317
1.15675
1.4183
0.985889
1.27503
1.5553
0.843924
1.12804
0.992039
0.860419
0.937816
1.06515
1.14837
0.663436
1.19233
0.778077
1.55286
1.41172
0.718518
2.05196
1.61736
0.955886
0.553553
1.0155
0.880261
0.923394
1.36348
0.852315
1.68162
0.56432
0.672998
0.930473
0.547021
0.919674
0.698467
0.920439
1.28848
0.648656
0.45841
0.930883
1.72428
0.687417
0.866824
0.788679
0.432078
1.26285
1.03219
0.27799
1.16963
0.673041
1.31996
0.856572
0.517088
1.38506
1.80027
1.42705
1.08423
1.43719
0.948939
0.795013
0.556163
1.17686
0.553954
1.38263
0.743299
0.805687
0.953027
1.38881
0.644349
1.44516
1.01585
0.935767
0.819592
1.18657
0.543046
1.43026
0.571355
0.887459
1.24645
0.759715
0.397849
1.02417
1.2838
0.953948
0.961462
0.912992
1.08448
1.12387
1.51814
1.16037
1.17392
1.20724
0.964793
0.995822
0.682489
0.80747
1.16642
0.947379
1.3286
0.7132
0.652116
0.921543
0.89609
0.483128
0.603482
1.36336
0.485603
1.1072
1.34147
0.597953
1.73399
1.38001
1.35209
0.625465
0.886674
0.777505
1.23287
1.32163
0.936537
0.624235
0.673956
0.890442
1.21001
1.06192
0.808414
1.66671
0.856155
1.72202
1.10201
0.813279
0.92406
1.03656
1.17627
0.860282
1.0303
0.673987
0.991594
1.26685
0.803942
0.833585
0.906412
0.947193
0.59102
1.00029
0.676191
0.948651
1.64807
1.16733
1.82443
1.23728
0.79682
1.33063
0.946029
1.1222
1.12845
0.877506
0.772921
0.722966
0.92412
0.63552
0.879596
1.23126
0.71276
0.708633
1.0163
1.11188
1.02191
0.712314
0.742509
1.8358
0.884123
1.13968
1.54495
0.85452
1.00003
1.07019
0.972972
1.19952
1.09777
0.75913
1.05676
1.19805
0.943705
0.642695
0.725831
1.29567
0.702488
0.943355
1.14433
1.32942
0.953299
1.05554
0.61909
0.451867
0.848022
1.06183
0.479147
1.06664
1.10249
0.999461
1.05141
0.72285
0.672658
1.01167
1.41151
1.12481
1.49663
1.41504
0.981543
1.00727
1.31372
0.999005
1.37787
1.11159
0.733386
1.23188
0.919805
0.943382
0.872747
0.61032
0.76089
1.08937
0.714917
1.07377
0.564781
1.16157
0.720993
1.48811
0.664755
0.863685
0.920512
0.476854
0.635918
1.18381
0.55985
0.886822
0.714114
1.30272
1.30889
1.4211
1.00961
1.00499
0.951362
1.24349
0.285324
1.13464
0.68996
0.781464
0.883226
0.862938
0.753457
0.874873
1.92126
1.32165
0.714602
0.941197
0.81045
0.454014
1.67568
0.950422
1.09139
0.889069
1.32407
0.951443
1.16809
1.21121
1.17339
1.34867
1.01897
2.26641
0.934581
0.781564
1.19174
1.27689
0.718652
1.06289
0.469051
0.657977
1.34855
1.29073
1.15686
1.16197
1.04359
0.827855
0.852576
1.11224
1.17575
0.645388
0.815322
0.537579
0.761174
1.05149
1.31304
0.931211
0.771196
1.03514
1.16835
0.86818
0.822533
0.938234
0.671296
0.456709
0.826478
1.43146
0.718518
0.868057
1.93506
1.14443
0.81328
0.777024
0.473169
1.06506
0.941516
0.992565
1.44032
1.12712
1.64265
2.00445
0.632213
1.67273
0.929376
1.3143
1.12513
1.13272
0.806648
0.727382
1.09625
0.789761
0.839208
1.25977
1.01599
1.63024
0.841994
1.37288
0.992894
1.00711
1.17405
1.10184
1.2782
1.23495
0.722781
1.0839
0.842825
1.04717
1.16964
0.841049
1.37387
0.633668
1.06865
0.682926
1.09905
0.77845
1.26844
1.25729
1.10494
1.09944
0.781251
0.883532
1.07268
0.863705
0.769574
0.892146
0.639072
1.29182
0.980194
0.832536
0.759453
0.59954
0.891106
0.796456
0.926816
1.38825
0.965724
1.21911
1.01716
0.51606
0.931828
0.733078
1.55107
1.30495
0.320425
1.12163
1.47229
0.655489
1.34872
0.984686
0.865594
1.13335
0.64693
1.63748
0.921428
1.10281
0.906965
0.776557
1.24435
0.757855
1.36425
1.12419
0.79438
1.8793
0.855551
0.622268
0.698791
0.817068
0.938592
0.700864
0.920886
2.01107
0.774961
1.02228
1.18692
0.727952
0.714681
1.51626
1.1709
0.932355
1.60536
0.975713
0.866095
0.915399
0.559978
1.22647
0.707925
1.86051
1.11151
1.79545
0.688504
0.989755
0.928405
1.52715
0.827738
1.30439
0.946809
1.3884
0.922313
0.811968
1.99971
0.519524
0.87735
0.998799
1.54503
0.805501
1.01649
1.11764
0.752101
1.15847
1.32612
1.04216
0.684127
1.09923
0.36348
1.27849
0.580363
0.709915
1.46044
1.05363
1.15393
1.36409
1.24526
1.77608
1.46999
0.637813
0.611259
0.955779
0.767115
0.97976
1.11541
1.24338
1.25396
0.621447
0.948644
0.85657
0.475458
1.13899
0.927217
1.33178
0.536723
0.666357
1.09211
0.764568
0.972485
1.11957
0.57331
0.693223
0.638832
0.96766
1.46165
1.23386
1.66436
0.993855
0.684074
1.09183
1.1647
0.894648
0.993534
0.637376
1.10402
0.785821
1.19318
0.925745
0.882855
1.03402
0.977445
0.878396
0.882739
0.878641
1.13446
0.942642
0.752703
0.607859
0.881176
1.35158
0.933058
0.781289
0.779058
0.809194
0.797471
1.09887
1.00758
1.19319
1.35739
0.868375
0.847807
0.62814
0.752206
0.897177
1.29914
0.942935
0.443391
1.01007
1.61359
1.26043
1.27706
1.18769
1.08792
0.717955
0.908754
1.53964
1.76887
0.615583
1.14212
0.922548
1.08319
1.20115
0.653561
1.10905
1.36459
0.965721
0.725465
0.508421
0.400904
0.360161
0.921679
0.945556
1.14612
1.31478
0.939611
0.935243
0.829796
1.00337
1.21381
1.50109
0.998686
1.58362
0.779292
0.717514
1.55667
0.822883
0.570071
0.749331
2.0716
0.90211
0.947929
0.432518
1.53149
1.23774
1.29303
0.967858
1.22288
1.09984
0.606477
1.02734
0.800877
0.991977
1.17399
1.33014
0.615404
1.16219
1.89225
0.857782
1.4224
0.975859
1.08186
1.65688
1.07832
0.902144
1.36862
1.06517
1.49788
0.741197
1.10971
1.16927
1.10384
0.979681
0.794063
1.13233
0.9092
0.62177
1.04982
1.22993
0.87436
0.817667
1.08431
1.85621
0.671852
0.942607
0.873091
1.18258
1.45445
1.66613
0.594892
1.15264
1.64637
0.58981
0.80082
1.70875
0.992701
1.10882
1.19759
0.954706
0.524162
1.05665
1.07405
1.13699
1.07553
1.1636
0.735393
0.549462
0.662388
0.803572
1.57622
1.39123
1.79146
1.11228
1.1518
0.805734
0.777916
1.0374
1.41873
0.863898
0.754012
0.856283
0.909092
1.19805
0.879066
0.803058
0.878951
1.50258
0.865491
1.22845
0.661828
1.81454
0.936745
1.36573
0.588627
0.74114
1.07974
1.33193
0.86025
0.836797
0.904948
0.622449
0.92875
1.07136
0.99636
0.790992
0.777879
1.55119
1.97282
1.21745
0.92433
1.02304
1.16376
0.89373
1.08431
1.17792
1.04903
1.31318
0.984261
1.4246
0.316038
0.848578
0.86528
1.10003
0.932021
0.712115
1.7279
0.737258
0.804228
0.675868
1.49411
1.15439
1.19441
1.25145
0.73611
0.817216
0.941511
0.964864
0.976256
0.59971
1.34409
1.27206
0.924816
0.931836
0.764162
1.08774
0.714759
0.971429
0.733197
1.12982
0.986543
0.641497
0.770205
1.13976
0.707056
0.754648
0.527562
0.943424
0.654143
1.10103
1.34243
1.15666
0.629833
0.619204
1.15705
1.46185
1.18865
1.55491
0.71405
0.966133
1.09894
0.751778
0.698828
0.787449
0.883191
1.20799
1.2642
0.80554
1.3897
1.22366
1.28367
0.88484
0.799615
0.724841
1.78086
1.3058
2.13393
1.05349
1.37353
1.07002
1.08269
1.03921
0.519637
1.19669
0.948644
0.592914
0.759028
0.970461
1.23222
1.22055
0.503435
0.595483
0.934689
1.14457
1.08041
1.15192
1.23359
1.2283
0.734127
1.05697
0.92531
1.02355
1.11505
0.828024
1.49565
1.42812
1.42422
1.56093
1.25738
1.76495
0.651852
1.16364
1.16404
0.518168
1.44621
0.978684
1.37481
0.545064
0.887481
0.481758
1.19249
0.675683
0.886816
1.39479
0.664401
0.743606
0.911158
0.78634
1.55686
1.9826
0.909835
1.75959
0.351234
0.991366
0.430715
0.967935
0.847196
0.706252
1.20845
0.626121
0.546247
0.693035
1.30908
1.04635
0.664507
0.983434
0.516582
1.06523
0.714069
0.771516
1.28942
1.06594
0.776772
0.516737
0.699569
0.647082
0.757074
0.641882
1.1688
0.926856
0.854124
0.81823
1.18938
0.655251
0.78084
1.21155
1.55947
0.869701
0.786421
0.848718
0.693624
0.623329
1.63968
1.4735
0.891813
1.17397
0.906826
1.12525
0.548016
1.02471
1.64326
1.78652
1.27554
1.02205
0.844445
0.958306
1.2586
1.07526
0.802178
0.758388
1.6214
0.87002
0.673712
1.02588
0.860166
1.04257
0.941283
1.06078
1.05866
0.779516
1.10585
1.01154
1.03936
0.955326
0.635481
1.09075
1.72157
0.684769
1.64373
1.29044
0.595926
1.3154
0.875062
1.24473
0.829255
0.72003
0.474807
1.81173
1.15997
0.847742
1.25753
1.23831
0.777915
0.699412
1.32133
0.628509
0.651126
1.2603
0.589215
1.20153
0.566017
1.3176
1.01899
1.01402
1.47512
1.14608
0.840736
1.11863
1.38455
0.45467
1.49268
1.11354
0.760207
1.31803
1.09158
0.765027
0.719909
0.913031
0.496285
0.51493
0.620845
0.841399
1.95099
1.03592
0.804009
1.28513
0.766884
0.327401
0.760602
1.11969
1.11875
1.26941
1.29654
0.750234
1.42863
1.10392
0.942936
0.564485
1.21718
1.00977
0.651888
1.12275
0.712959
1.68957
0.814825
0.974452
0.800162
0.998378
0.795069
1.318
1.50557
1.09957
1.83559
1.37437
0.541105
1.15132
0.894847
0.628171
0.603116
0.756538
1.46031
0.841485
1.15014
1.19694
0.649312
0.766141
1.03874
1.39207
0.553468
0.903069
1.43158
0.868106
1.12187
1.01989
1.14739
0.868546
0.948111
0.632369
1.51461
0.643815
0.904096
0.861399
0.814955
1.22506
0.425699
1.5925
1.20298
1.17797
1.36991
1.23277
0.923466
1.24448
1.07161
1.69082
1.19121
1.4237
1.00416
0.811719
1.14306
1.53524
1.90464
0.790205
1.16423
1.03199
0.981663
0.805204
0.927412
0.810601
0.520446
0.764078
1.64085
1.93349
1.08394
0.810369
1.05011
1.21189
1.06367
0.975667
0.473774
1.15959
0.75259
1.38261
0.665691
0.576671
1.09719
0.722569
1.36729
1.0561
0.889489
0.965177
1.18619
0.969437
0.491128
0.782185
1.10198
1.01743
0.696865
1.23168
1.32636
0.901149
1.13498
0.972447
1.02381
0.965602
1.12046
0.672997
0.798928
0.404731
1.42327
1.01839
0.950246
1.26701
0.853296
0.768479
1.09017
0.636496
0.845434
1.04846
1.11336
1.22701
0.953516
1.75062
0.941339
0.594795
1.03093
1.57183
0.693734
0.834669
0.641992
1.30382
1.054
0.79828
0.726116
1.10869
1.18278
0.543666
1.67087
0.895075
0.415917
1.02536
1.33987
0.704977
0.860103
0.771322
1.31801
0.943521
1.15683
1.02165
1.74464
1.10425
0.592116
1.22288
1.86578
1.25294
0.78345
1.03114
1.22506
0.686803
0.767553
0.980176
0.930124
0.563512
1.52823
1.47584
1.49796
0.918522
1.17026
2.11511
1.24511
0.968599
0.705206
1.01379
1.21894
0.416585
0.416568
0.922293
1.40188
0.668384
1.10719
0.572471
0.944408
0.848464
0.635885
0.861483
0.674676
1.06682
0.720935
1.28897
0.833209
0.8072
1.01492
1.30492
0.794091
1.00965
0.937056
1.04097
0.472031
1.13951
0.832151
1.14136
0.810851
1.22564
0.523778
1.01048
1.51862
2.04889
1.17634
0.928966
0.789993
1.37731
1.25792
0.898818
1.90171
1.10114
0.510494
0.865882
1.30771
0.949039
0.851353
1.18617
0.307845
0.556007
1.55137
1.35455
1.24982
1.54781
1.251
0.659554
1.49425
0.795522
0.62884
0.720224
1.11614
0.502859
1.1305
1.19481
0.83801
0.71271
0.835702
1.13269
1.48449
1.25685
0.851586
0.47941
0.615244
0.819691
1.69478
0.959467
1.11933
1.53872
0.552695
0.963844
0.821868
1.4083
0.638462
0.653371
1.17067
0.631682
1.36762
1.08667
0.662048
1.04219
0.659457
1.32266
1.15535
0.878477
0.821745
1.51631
0.805172
0.627147
1.00304
1.11257
1.07305
0.948808
1.87574
0.840603
0.813581
1.12721
0.801833
0.882224
1.22898
0.607445
1.13663
1.05118
1.78932
1.18355
1.0106
0.537137
1.02993
1.0597
0.630278
1.15621
0.917236
1.28864
0.91933
0.894682
0.669043
0.726298
0.804511
1.50465
1.52632
0.948606
1.03822
1.06082
1.42082
0.490587
0.929893
1.23691
1.4508
0.891691
1.39808
1.10138
1.76499
0.825326
1.39165
1.21476
1.56746
1.0093
1.10623
0.959767
1.42688
0.94475
1.33826
1.05802
0.969044
1.09223
0.767805
1.19258
1.36651
0.492855
0.992369
0.955338
1.49211
1.25105
1.40702
0.925636
0.866028
1.33533
1.06332
1.19816
1.69472
1.3216
0.778566
0.686443
1.39765
1.27288
1.53669
0.921796
1.30468
0.729578
1.52777
1.64277
0.549203
0.774953
1.06599
0.595934
0.606067
1.56925
1.48038
1.28353
0.758777
0.964844
0.815933
1.20866
1.50065
0.757124
0.797289
1.12445
0.800003
1.2062
1.35583
0.449149
1.02325
0.601173
0.889381
1.03149
1.39291
1.5917
0.836603
1.10997
1.05521
1.00785
0.598686
1.24906
1.22822
1.54146
1.00581
1.07103
0.972458
0.702995
0.817804
1.11006
1.09775
0.796773
1.17821
1.44387
1.07314
1.45612
1.341
1.74604
0.867537
1.10131
1.93111
0.701887
0.520966
0.845948
1.24168
1.04554
0.829289
1.28822
0.50497
1.15355
0.622128
0.808921
0.961907
1.2306
0.844795
0.728084
1.2478
0.470355
1.41359
0.901563
1.13233
0.598012
0.965717
0.465979
1.05752
0.878956
1.09842
1.2969
0.625821
1.30612
1.7644
0.641215
0.908652
1.1916
0.79063
1.22296
1.38114
0.665049
0.315694
0.865914
0.733392
1.42574
1.35665
0.888185
0.769539
1.1401
0.853624
0.965559
0.874
0.65704
0.585593
1.097
0.899411
1.23175
0.407335
0.748894
0.897479
1.43545
1.58151
1.85593
1.48788
1.61521
0.583838
1.30529
1.1035
1.09532
0.554663
1.12974
0.84973
1.06701
0.880976
0.662166
0.929433
1.67517
1.43541
1.51792
1.02161
0.958025
1.33009
1.40034
1.17843
1.76118
1.10215
0.817667
1.15377
1.20979
1.00599
0.814409
1.20866
1.5649
0.881093
0.884572
0.76607
1.1633
1.06448
1.14882
0.945807
0.724419
1.01922
2.13096
0.538142
1.83361
0.819929
1.13755
0.866662
0.775322
1.33574
0.844246
1.0475
0.506762
0.677686
1.4895
1.30713
0.445626
0.55995
0.691179
0.683681
1.47875
1.37142
1.55157
1.58144
0.679735
0.484256
0.688349
0.633371
1.654
1.19372
0.959457
1.11025
0.630961
1.82991
0.594208
1.34521
1.12062
1.59469
1.70556
0.920787
0.919093
0.86076
1.16508
0.828272
1.1127
0.593908
0.806449
1.4539
1.0158
0.698331
1.35543
1.96638
0.879722
0.922202
0.843152
0.705979
0.893715
0.85895
0.48657
0.922479
0.654547
0.850462
0.663171
0.793614
1.12749
1.25221
0.802342
0.892473
0.75337
1.10509
0.94592
0.730703
1.25168
0.953327
0.872324
0.65472
1.21648
1.00973
1.63611
0.918885
1.45815
1.11456
1.70452
1.11357
1.86657
1.41088
1.17911
1.4366
1.04267
1.04309
1.44952
1.15917
1.37905
1.28684
0.91192
1.20184
0.683697
1.12594
0.925352
1.20587
0.883477
1.01027
0.702057
1.19304
0.940704
0.863979
0.768596
0.768967
0.858978
0.885014
0.73572
0.883689
0.986681
0.785858
0.879213
1.02826
0.854548
0.503829
0.93597
1.37825
1.28736
0.846155
0.577396
1.29569
0.82688
1.26947
1.20683
0.730409
0.88184
0.675636
0.737645
0.69785
0.488209
0.724765
1.07089
0.890602
0.852412
1.36842
1.41963
0.718864
1.10356
0.626157
0.675447
1.50127
0.982198
0.999399
0.500288
0.430087
1.37603
0.926898
1.70913
1.09079
0.77893
1.38801
0.550282
1.27602
1.14422
1.82626
1.10345
1.08675
0.906987
1.2865
0.963291
0.759326
1.78444
1.07908
1.31145
0.600149
0.968286
0.940734
0.791917
0.671133
1.31521
1.17861
0.872363
0.883619
0.653202
0.760774
1.42717
0.947021
0.884454
1.2502
0.84569
0.727618
1.4007
1.50619
0.840384
1.10258
1.19141
1.03154
1.19088
0.973102
0.976116
1.20385
0.701922
1.06304
0.93285
0.794375
0.987107
0.802421
0.988216
2.02404
1.45313
0.718064
0.800226
0.944053
0.924468
0.808814
1.05044
0.919544
0.877831
0.945605
1.5054
0.693166
0.883977
1.05984
0.97587
1.33932
1.23652
0.814417
0.903272
1.25209
0.716792
1.13506
0.378302
0.949742
1.07854
1.64847
1.37945
1.47348
0.621833
1.21305
1.14523
1.20539
1.01388
0.838382
1.48318
0.45955
1.71422
1.05701
0.830866
1.62307
1.16494
1.11509
1.33046
1.34676
0.706962
1.03629
1.25206
0.829584
1.12927
0.836855
0.87171
1.17299
0.80985
1.0659
1.26775
1.08576
0.796127
0.453363
0.954091
0.65755
0.808628
1.11728
1.30368
0.718247
1.59748
0.883545
0.658525
0.880266
0.768087
1.151
1.29466
0.8429
1.22421
1.63736
0.896273
1.05073
0.98632
0.584153
1.17491
0.792972
0.892558
1.08421
1.20864
1.25416
1.59601
0.964158
0.701668
0.810992
1.44177
1.13872
1.12203
1.12572
1.27085
1.17109
0.94054
0.848673
0.859523
1.06127
0.683871
0.788526
0.833469
1.45318
0.779601
0.794925
1.13231
0.965235
0.724239
1.21946
1.3211
1.1464
0.908879
0.740239
0.938338
1.59439
0.846781
0.813781
1.0375
0.865916
1.45872
0.943505
1.20142
1.50945
1.35198
1.36007
1.17319
1.33149
0.697992
0.928017
0.766494
0.583443
1.38947
1.40568
1.19949
1.3593
1.51124
0.757828
1.41543
0.949777
1.38369
0.673378
1.30921
1.7686
0.807223
1.98602
0.599929
0.951945
1.00986
1.62822
1.30124
0.917435
0.721205
0.791853
0.842522
1.16966
0.845888
0.854449
1.0133
1.29719
1.62224
1.08167
1.42753
1.31079
1.05825
0.872576
1.10105
0.799589
1.11851
0.721511
0.854041
0.625634
0.86849
1.60504
0.838791
1.09368
0.667739
0.660621
0.9828
1.23844
0.650121
1.00463
1.04211
1.05006
1.76098
0.910888
1.17831
0.862222
1.12642
1.02966
1.02556
1.1072
1.07161
0.84192
0.941727
1.71233
1.13735
0.968681
0.787155
0.519395
0.482249
0.771675
1.0728
1.05578
0.738351
1.305
0.935955
1.2737
0.993441
1.11227
0.974306
1.04173
0.694343
0.945243
1.01781
1.35392
0.82282
0.629031
0.689215
0.916931
0.722236
0.369472
0.574528
0.758427
0.653563
0.976897
1.19583
1.64612
0.838938
1.31313
1.36124
0.875217
1.62854
1.25462
0.381944
1.05724
0.526893
0.951993
1.41793
0.905395
0.568944
0.547907
0.575806
1.03211
0.627889
1.93207
1.12153
1.3064
0.833503
1.10718
0.670267
1.04352
1.2478
0.904031
2.09328
0.89099
1.68855
1.11734
1.38321
0.929855
1.20801
1.14929
0.607541
0.895757
0.644398
1.07007
0.904313
1.60326
1.51475
1.88594
1.15403
0.875345
1.43236
0.457921
0.441471
0.571197
0.5991
1.02513
1.24898
1.71924
0.766497
1.24917
1.53229
1.5059
1.04582
0.893496
0.72275
0.971503
0.513012
0.866447
1.14195
1.38149
0.737224
1.17181
0.96795
0.86552
1.20165
1.00973
0.324358
1.28623
1.52942
1.54521
0.394247
0.820869
1.13428
0.696787
0.581363
1.20123
1.10276
1.29294
0.853424
1.17086
1.11153
0.773879
0.966003
0.885657
0.600879
0.788718
0.506073
1.32323
0.963661
0.613432
1.01735
1.26993
1.04047
1.08956
1.34354
1.10008
1.16143
0.420295
0.591131
0.999158
0.718938
1.0349
0.911375
1.81162
0.656263
1.34453
0.93255
1.67705
0.771159
0.887593
0.924662
1.10377
0.736426
1.15022
1.24001
0.583757
0.657342
0.840192
0.625138
1.25159
1.02669
1.44453
0.715408
0.763781
1.17128
0.78298
1.04389
0.605007
1.64181
1.48369
0.589227
0.719925
1.93236
0.80611
0.983495
0.797317
1.33252
0.850468
1.15232
1.21303
1.53826
1.29348
0.487482
1.59077
0.420538
0.669868
0.917665
1.00148
0.796874
1.29264
1.14517
1.28485
0.848882
0.63914
1.27414
0.9937
1.07887
0.951279
1.42094
0.85725
1.24958
1.20645
1.32645
0.692447
1.06235
1.43384
1.26831
0.432365
0.727195
1.11645
0.725049
1.58745
1.08586
0.785893
0.802012
1.25365
1.40279
0.805287
1.62065
1.03772
1.2782
0.49838
0.727052
1.00099
0.599551
1.43912
0.797485
0.752037
1.2533
0.950258
0.943419
1.12946
0.884755
1.43778
0.84912
0.51209
0.760471
1.3846
1.11741
0.995372
0.74107
1.11921
0.803713
0.647726
1.07009
0.96314
1.23382
0.644881
0.992842
1.74394
0.700538
0.612182
0.589047
0.687399
0.95099
0.510277
1.41113
1.15176
1.11268
0.751123
0.730075
0.819569
0.972165
1.51229
0.968682
1.05794
0.688952
0.865579
1.01373
1.06293
0.70225
1.2236
0.891691
1.11089
1.52474
1.14092
0.482607
1.16577
1.42311
0.734482
0.964618
1.02487
1.0741
0.745053
0.688448
1.0331
0.640614
0.934119
1.09526
0.594938
1.30282
0.957437
1.1962
0.506518
0.86203
1.376
0.530514
1.58045
0.925846
1.42193
1.12533
0.637767
0.612217
1.00678
0.782181
0.779504
0.739484
0.843228
0.722349
1.0601
1.24163
0.982561
0.980546
0.494363
0.599499
0.912262
0.735949
1.02744
0.904291
1.27193
1.02535
1.55861
1.45142
1.28686
0.926896
0.641759
0.630969
1.10574
0.909383
1.37746
0.917816
0.707131
0.842237
1.50428
1.65441
0.925105
1.07859
1.11578
1.48722
0.599545
0.948405
0.798314
0.931136
0.954485
1.08708
0.782905
0.678383
1.18686
0.40917
1.14206
1.10006
1.13771
0.96238
1.38751
1.16194
0.845643
0.425363
1.56188
1.24326
0.991525
1.05037
1.02961
0.562479
1.19964
1.16837
0.763605
0.786181
1.92258
1.19442
0.745172
1.15242
1.90258
1.21017
0.812685
0.968753
0.750421
1.24046
1.07948
1.30125
1.28402
0.846674
1.38811
0.662358
1.23726
0.781038
0.984138
0.916154
1.77374
1.14335
1.24578
1.05459
0.670309
1.18779
0.922058
0.525644
0.761012
0.724745
0.856761
1.73872
1.29173
0.642804
1.58976
1.5373
0.896146
0.824165
1.78552
1.1707
0.822265
0.765797
1.0049
0.574985
1.01664
1.67865
0.347755
1.15845
1.06785
1.17581
1.37136
1.18132
1.30474
0.795741
1.39026
1.00866
1.19387
0.97349
1.29406
1.41935
0.860954
1.4504
1.09766
0.888653
0.921123
1.06579
0.980804
0.917418
0.922739
0.953003
1.04719
1.40305
0.677933
1.03875
0.659727
0.389588
1.02303
0.949815
0.783702
1.01872
1.42696
1.45323
1.52457
0.917663
1.47397
0.626136
0.919312
1.09202
0.566104
1.2237
1.38154
1.14766
0.706718
1.16478
1.01712
1.69732
0.747426
0.564456
1.12437
0.576593
0.993377
0.418212
0.621501
1.18936
0.896774
0.609712
1.21673
0.800829
1.19536
0.83619
1.24961
0.779938
0.682303
1.16168
1.13163
0.668453
1.79336
0.715421
0.843664
0.639555
1.67607
1.47865
1.38281
0.906451
1.15564
1.02087
0.716472
1.36648
0.504108
0.634485
1.08351
0.704765
0.876678
0.741197
0.968939
0.821576
0.551786
0.708248
0.823794
0.502467
0.852259
1.29698
0.993112
0.544664
0.840606
1.14986
1.94381
0.827327
0.940486
1.4768
1.30997
1.02912
1.40341
0.668771
0.678817
1.49004
1.15246
1.40513
0.890068
0.729972
0.73953
1.04498
1.25097
0.773748
1.31822
0.815589
0.960783
1.20157
0.397721
0.868978
0.514904
0.812719
0.6509
1.1629
1.69699
0.868688
1.09437
0.646635
1.07331
0.638724
0.519463
1.17224
0.772199
0.840225
0.606627
0.684148
1.00766
0.534061
0.706443
0.749295
0.993564
0.861882
0.721391
1.12055
0.716286
1.00904
1.04511
0.79974
0.735715
0.850477
0.898225
1.54202
1.29529
1.19761
0.98671
1.03317
1.34895
0.58402
0.910015
0.509242
0.830619
0.491737
1.76881
0.582147
1.12167
0.984004
0.924259
0.861699
1.3614
1.41007
1.25036
1.03281
1.46772
0.865682
0.849227
0.853261
0.83954
0.714362
0.904012
1.14169
0.690767
0.809853
1.57011
0.557142
0.629306
0.677642
1.1821
1.06384
1.04421
0.959735
0.484501
1.06008
1.23919
1.71631
0.635071
1.22698
1.27731
1.09909
1.07521
0.947549
1.07011
1.22211
0.815255
0.625249
1.22738
1.11235
1.29794
1.13094
2.05463
1.46253
0.923725
0.919014
1.42524
1.16255
1.09031
0.898834
0.807068
1.26272
1.48161
0.811228
1.03168
1.14333
0.763392
0.67837
1.2992
1.3562
0.882674
0.811327
0.500128
0.937109
1.11132
0.896405
0.572787
1.05792
1.18178
1.94388
1.13753
0.747992
0.617617
0.744277
0.965802
0.279968
1.10967
1.2438
0.689371
0.534632
0.930141
0.387675
1.21614
0.443634
0.53124
0.943915
1.27708
1.07441
0.978062
0.765431
0.674525
1.25995
1.06247
0.95767
1.04508
0.870058
1.12354
1.85762
0.732465
0.823648
1.03333
0.898305
0.802367
2.47772
0.746258
1.13302
1.04221
0.691344
0.696117
1.33215
1.36181
1.31137
1.46808
0.838499
0.829971
1.16908
1.19259
1.72879
0.58141
1.07707
0.932548
1.59035
0.692485
1.43877
1.38641
0.65261
0.86313
0.719704
0.709655
0.886778
0.918243
0.932511
1.29298
1.09413
1.21211
0.452465
1.12673
0.653649
1.14998
0.987841
1.98949
1.12494
0.979616
1.16125
1.17108
0.610949
0.632222
0.853356
1.23098
0.91599
0.826775
0.483664
0.344583
0.918927
1.22762
0.737547
0.896383
1.1112
1.17496
1.15126
1.18394
0.9949
0.794791
1.60773
1.2958
0.796581
2.34565
0.935113
1.57412
0.477419
1.13843
0.920502
0.864302
1.21909
0.617269
1.42522
0.89441
1.34754
0.942941
0.81175
1.42279
0.942386
1.16995
1.13029
1.25624
0.749013
1.18434
1.14143
0.638294
0.707354
1.50447
0.971881
0.930117
0.791399
0.954698
0.391071
0.79121
0.677486
1.08273
1.32903
0.770978
0.691251
0.719161
1.3625
1.12068
0.76094
0.668802
1.47948
0.904708
1.12748
0.921985
1.45354
0.476171
1.25275
1.7917
0.996895
0.926348
1.00859
0.714804
0.913499
0.996719
1.61438
0.853623
0.876546
0.956865
0.525541
1.21565
1.1327
1.15368
0.551124
1.88812
1.55952
1.48446
0.839007
0.706392
0.881735
1.008
0.65026
1.26436
1.20517
0.889699
0.681822
0.404684
0.981858
0.768661
1.00905
1.26538
0.879932
0.932875
1.20247
1.30043
0.737728
0.798249
1.01807
0.828684
1.39464
1.13609
1.09528
0.981898
1.02371
1.22056
0.695902
0.968804
1.21811
0.637403
1.33045
1.3402
1.21288
0.754787
0.718175
0.699301
0.658704
1.41723
0.572035
2.1994
1.26912
1.29624
1.0643
1.08129
0.49657
0.729117
1.01556
0.600534
1.01386
0.427812
0.662189
1.1467
1.10906
0.932639
1.10628
0.987468
0.989864
0.628202
1.09883
1.14974
0.733246
1.16558
1.24719
0.789456
0.765529
1.45748
0.925657
0.935478
0.983737
0.963628
1.70451
0.884245
0.894637
1.2325
0.765645
0.634114
1.25258
1.09682
0.814369
0.579919
0.740895
0.359927
1.08322
0.693061
0.913146
0.674617
1.38645
0.667213
1.05683
1.0295
0.525961
0.94825
0.553044
1.19148
1.22088
0.870203
0.993311
1.22105
0.782756
0.454274
0.789574
0.622343
0.801226
0.454706
1.25476
0.495998
0.937861
1.21656
0.784417
0.714593
0.582795
0.97657
0.311392
0.738511
0.764405
0.675267
1.24337
1.29943
1.08997
1.03443
0.786091
0.744072
0.634209
1.45301
0.548423
0.651275
1.6756
0.945774
0.739764
0.686008
1.04101
1.06438
0.890884
1.06143
0.823948
0.728218
1.31101
0.896459
0.661176
1.12647
0.893644
0.558107
0.627757
1.85077
0.625791
0.728452
1.30602
1.82741
0.95225
0.897293
0.366845
1.59744
0.461568
1.43
0.990196
1.20926
1.4846
1.39726
0.82
1.03857
0.72861
0.361025
1.15902
0.888599
1.60978
0.326455
0.940705
0.919881
0.809566
0.985018
0.755007
0.791182
0.68548
1.03946
0.940969
1.8905
1.50039
0.832027
0.92319
1.45608
1.12087
1.35502
1.31243
1.18764
1.77787
1.25996
0.79336
1.15252
1.00964
1.20518
1.43481
0.726004
0.956915
1.44385
0.781286
0.567959
0.710112
1.04412
0.99061
0.941678
0.864075
0.686128
1.0063
0.945506
1.01316
0.632266
0.79973
1.372
0.856242
1.19175
1.11797
1.15696
1.19608
0.82628
0.719529
0.92702
1.1482
0.907617
1.14545
0.865183
1.42971
0.633603
0.865528
1.74901
0.90156
1.00664
1.11656
0.314654
1.08949
0.668069
0.60289
0.976066
0.843535
0.762675
0.377938
1.18174
1.12307
0.625788
1.00723
0.992091
0.968826
0.609369
0.888825
1.12526
0.776333
0.804555
1.13183
0.853563
0.888032
0.786046
0.687521
1.03403
1.70898
1.23973
0.891446
1.01744
0.987113
1.09356
0.786565
0.545647
0.722915
0.787831
0.647091
0.651749
1.01343
1.60862
1.15115
0.833912
1.00151
1.42433
1.34794
0.525942
1.30157
1.01407
1.06788
0.853288
1.2349
0.858867
1.45023
0.724837
0.963911
0.769044
1.01529
0.999073
0.998918
1.13475
1.39256
1.65375
1.03367
1.34832
1.47212
0.906061
0.62569
1.20532
0.650884
1.39684
1.32893
1.09377
1.45451
0.828891
0.946205
0.81522
0.695719
0.71141
1.21681
0.701282
1.0903
1.35375
1.11851
0.579162
1.62495
1.89488
0.509984
0.916332
0.919134
0.887603
1.03334
1.00454
0.588774
0.731722
1.12449
1.4198
1.01027
1.0374
1.32301
1.22016
1.02958
1.44845
1.15974
0.641206
0.991546
0.706762
0.523488
1.20999
0.900177
0.763178
0.759608
0.914721
0.811027
0.749508
0.799101
1.13711
1.33683
0.508936
0.899953
1.21446
0.97835
0.660046
0.731712
1.90706
1.16083
1.43112
1.04171
0.628526
0.785917
1.5302
0.79763
0.57269
1.322
0.568597
1.31119
1.12084
1.40497
0.835156
0.651764
0.955577
0.529426
1.0012
1.26838
0.593004
1.27979
1.02283
1.68338
0.891372
0.809223
1.26676
0.685338
0.845687
1.02458
0.998845
0.946755
0.928156
1.10997
0.854142
1.09969
0.927233
0.940898
0.983113
1.34522
1.34833
0.949213
0.91327
1.45991
0.998207
0.972481
0.724088
0.702143
1.56383
0.807358
1.18266
1.36012
1.5479
1.53563
1.33331
1.56729
0.767864
1.2689
0.482921
1.74352
1.14444
0.794324
0.752329
0.773616
0.937328
1.2441
1.12864
0.88589
1.13345
0.752576
1.19196
1.03534
0.976584
0.985016
0.646827
0.813456
1.3538
0.869865
0.781415
1.2925
0.788415
1.2315
1.14864
1.93385
1.49222
1.03815
0.686572
0.851326
0.716198
0.841551
0.831768
0.772516
1.15627
0.594493
1.03947
1.21875
1.32385
0.610206
0.911857
0.636536
1.0165
0.948755
1.02847
0.955335
0.891644
1.47877
0.975278
1.38585
1.14759
1.12869
0.492407
1.06516
0.672775
0.409325
0.826606
0.594733
0.810985
0.76784
0.757727
0.989566
0.500883
0.582689
1.05586
1.19235
1.18725
1.01049
0.873374
0.923647
0.635513
0.679966
0.779691
1.19056
0.920897
0.846282
1.26056
1.16625
1.11657
1.98477
0.908627
1.14023
0.700857
1.87078
1.23936
1.01677
0.625601
1.69498
0.602075
0.5372
1.18501
1.92648
1.07089
0.920205
0.552754
0.898191
0.799696
0.731395
0.984077
1.09275
0.379745
1.26564
0.675851
0.852652
0.949927
0.73742
1.48681
1.13542
1.41866
0.598476
1.12886
1.38274
1.56477
1.01781
0.944546
1.32077
1.04245
1.22623
0.730299
1.16305
1.09659
0.713616
0.606189
1.17936
1.58111
1.11853
0.968499
0.912652
1.05218
0.500767
1.2561
0.570682
0.27903
0.713103
0.820848
0.934732
0.897225
0.491819
1.59234
1.12356
1.14954
0.770581
1.28682
0.538542
0.84377
1.28694
0.939964
1.21537
0.942183
0.550054
0.885398
0.351039
1.22738
0.983324
1.18344
1.0122
1.04768
0.599929
0.757176
0.911054
0.929029
0.779166
0.518688
0.647733
1.42428
1.47646
0.867537
1.24014
0.532416
1.24214
0.694228
1.46972
1.09802
1.5333
0.953829
0.53141
1.31061
1.14287
0.55739
1.05793
1.36934
1.20785
0.898137
1.57329
1.19429
1.16481
1.06964
0.676022
0.537096
0.864691
1.37591
0.907938
0.797859
0.726759
0.762057
0.386432
0.82697
0.899925
0.815949
0.895282
1.06964
1.67041
0.75877
1.00764
1.13523
1.01056
1.3276
0.855247
0.928296
1.1711
1.2749
0.842865
0.752289
1.11489
0.631741
0.731987
1.14844
1.27481
0.894548
1.37559
0.730644
0.507793
0.946501
1.23741
1.27486
0.939897
0.759593
1.48605
0.867778
1.61539
1.02439
0.572948
1.09734
0.886943
0.59618
0.706912
0.719923
1.05793
0.714589
1.16413
1.1652
1.11076
0.826128
0.480463
1.08806
0.567311
0.879744
1.40197
0.604792
1.44821
0.939581
1.9486
0.730892
0.826838
0.844105
0.999403
0.734921
0.722359
1.0044
1.04007
1.41961
1.24288
1.15471
0.683603
0.483317
0.941251
1.16432
0.999259
0.904901
1.58554
1.0669
0.968739
1.41284
0.527818
1.46696
1.50628
1.0278
0.729637
0.572949
0.747372
1.18158
1.24046
0.887387
1.01122
1.12562
1.3984
0.774814
1.04212
0.987876
0.822689
0.69233
1.14587
1.144
1.36218
1.27539
0.823261
0.862134
0.84584
1.4319
1.49522
0.93738
0.963853
0.857481
1.03455
0.661791
0.644724
1.63353
1.28347
1.0613
1.50072
0.74022
1.36501
1.24165
0.710568
1.77767
0.845254
1.43975
1.22226
1.13259
1.46685
0.698728
1.12035
1.7514
1.0524
0.615672
0.869387
1.16478
0.51552
1.54178
0.873315
0.715012
0.384321
0.668021
1.10717
0.811986
0.670201
0.899697
1.23779
1.09508
1.65205
1.07026
0.552185
0.672405
1.97614
0.726714
0.909807
0.424898
0.992139
0.933876
1.15743
1.09959
0.7655
1.14046
0.940167
0.610716
0.98572
0.900756
1.19713
0.438031
1.13699
0.568918
0.965512
0.737633
1.20182
0.98817
0.764032
0.725215
1.63641
1.01179
0.839618
1.14123
0.656689
1.07313
0.542029
1.03944
0.693295
1.31806
1.1042
0.896559
0.703551
1.10585
0.946006
0.401625
0.858509
1.37526
0.883138
0.485051
0.852924
0.99997
0.954356
0.831154
1.12065
1.1352
1.36521
1.11902
0.65835
0.706784
0.974199
0.76963
0.776224
0.938617
1.03496
0.782568
2.16583
0.513488
1.0933
1.06998
0.969359
1.09779
1.2186
0.893237
0.761426
1.10805
0.934537
0.555135
1.65339
0.9635
1.53104
0.968783
0.979825
1.30155
1.07985
0.586287
0.537991
0.807021
1.40375
0.916502
0.648362
0.677632
1.34207
0.637229
1.36425
0.793497
1.14684
1.08601
0.811581
0.893408
0.786835
1.06048
1.25026
0.752443
1.61932
1.40279
1.1963
1.25618
0.737584
1.22632
1.72504
0.986866
0.914793
1.21995
1.24786
0.814829
1.3326
0.906047
0.663037
0.92027
0.610783
0.985043
1.7271
0.964188
0.818629
0.727456
1.02681
1.12492
0.574897
0.838367
0.927984
0.364499
1.19775
1.64441
0.846897
1.08503
1.24523
0.721523
1.04045
2.02304
0.790505
0.931687
1.10677
1.08828
0.933555
0.531596
1.06466
0.959106
1.27454
1.24294
1.03691
0.704058
1.46393
1.24701
0.503249
0.975022
0.881464
0.717935
0.701084
0.732334
0.776136
0.683056
1.17578
0.764852
0.827626
1.55896
0.792123
0.816627
0.78276
0.440213
1.21249
1.07524
1.00726
1.71708
0.929218
2.02236
1.06896
1.16891
1.3309
1.06319
1.30842
1.33512
1.09628
0.935943
1.47523
1.02182
1.09027
1.72844
1.60691
0.482219
0.54466
1.09555
1.00172
0.748324
0.846335
0.586733
1.55769
0.65555
0.91939
1.5917
1.11803
0.826436
0.941722
0.975779
1.47882
0.94124
1.06724
0.772187
1.43025
1.41511
1.62599
0.666645
1.00393
1.05484
0.823839
1.08681
1.50759
1.35523
1.09465
1.81522
0.425686
1.1607
0.571599
1.54893
1.58628
1.29057
0.692021
1.08352
0.836554
0.886528
0.576406
0.913183
0.364376
1.07174
1.1585
1.10638
1.81498
1.08374
0.67103
0.655635
0.753847
0.479836
0.91407
0.687186
0.965024
1.0441
0.549985
0.732404
0.778983
0.846214
0.632678
1.04428
1.43646
1.47372
1.43541
0.951502
1.05658
1.26562
1.02477
1.28375
1.17911
0.768275
0.962705
1.04707
1.09897
0.939293
0.887007
0.442973
0.66333
1.17477
1.01082
1.4626
1.34998
0.976648
0.971367
1.14699
0.9449
1.01328
0.981224
0.414469
1.07924
1.36312
1.18456
1.14952
0.897533
0.608884
1.03981
0.954941
1.1333
0.933263
0.898008
0.864671
0.657537
0.588486
0.655787
0.896466
1.01164
0.669807
0.967756
1.17771
1.73461
0.720323
1.12566
1.05282
1.02768
0.894465
1.11086
0.709846
0.598687
1.00231
1.28914
0.879205
1.3146
0.814751
1.26366
0.920697
1.21947
0.888036
1.14389
0.959962
0.72683
1.40288
1.53643
0.891827
1.37156
1.19741
0.701743
0.769647
0.689944
1.02833
1.06933
0.797314
1.08324
1.68693
0.96464
0.731022
1.09199
1.14563
0.687487
1.08411
0.83688
0.682239
0.480401
0.327182
0.901484
1.1961
0.816724
1.4627
0.483571
1.23514
0.892136
0.920359
0.712257
1.19451
0.621386
1.03756
0.523967
0.984106
1.10826
0.748463
0.841613
0.807887
1.04629
0.917428
0.962013
0.595077
1.55209
1.01592
1.08928
0.649544
0.655303
0.753285
1.372
1.01793
1.13007
1.03239
0.849613
0.58362
1.03493
0.910736
0.953634
0.71894
0.969644
0.803253
0.798072
1.07473
1.26553
1.10437
0.967317
0.830205
0.960995
0.711804
0.621928
1.01778
0.572389
0.913332
0.874985
1.16144
1.0317
1.0533
0.597707
0.936841
1.152
0.860774
1.27208
0.69372
1.1676
1.14304
0.981247
0.988407
1.06785
0.623196
1.13033
0.666752
1.21623
0.692386
0.670517
0.701497
1.08926
0.701167
1.01495
0.854334
1.05535
0.97837
1.32985
0.793647
0.648485
1.07775
0.767645
0.722957
1.21902
0.58639
0.855477
0.68542
1.38021
0.533647
1.12964
1.3603
1.24427
1.1337
1.11293
0.690236
1.08028
1.56672
0.758097
0.594051
0.488577
1.5358
1.11238
1.3422
1.47316
0.906626
1.10172
0.57733
0.906701
0.993261
1.27269
1.01289
1.06101
1.14519
1.21515
1.19442
1.33196
0.679836
1.08049
1.17675
1.54117
0.963017
1.50683
0.980469
1.42545
1.30126
0.85613
0.870888
1.03142
0.808626
1.05187
0.799908
0.564358
0.88692
1.44879
0.526475
1.26935
0.554922
0.868733
1.44867
0.688539
1.2219
1.18653
1.02566
0.780557
1.51342
1.0322
1.2895
0.775269
1.31322
0.889239
0.860247
0.851007
0.528527
1.20446
0.543916
1.07711
0.768846
0.930056
1.12534
0.827372
0.829529
1.03138
1.04036
0.901596
1.18605
0.815884
0.939773
1.05306
1.02588
0.906922
0.626896
0.654761
1.12886
0.842784
1.28091
1.0056
0.716266
0.599832
0.563259
1.52299
1.10028
0.60739
0.648541
0.668468
0.632702
1.41036
0.950758
2.15958
0.864594
1.53877
0.813204
1.16618
0.70954
0.890421
1.30053
1.10619
0.984247
1.22693
0.679109
0.900534
1.18635
0.831639
0.954451
1.41052
0.799798
0.839884
0.693409
0.444019
0.340531
0.816
1.02141
0.867317
1.34898
1.45388
0.752022
0.787248
0.57042
1.35026
0.848492
1.04071
0.549931
0.820038
0.85507
2.3807
0.905574
1.15828
0.847052
1.19208
0.477151
0.837362
0.733242
0.650169
0.958221
0.762599
0.655316
0.912436
0.88938
0.957366
1.13259
0.752437
0.666068
1.0717
1.13393
1.44654
1.17456
1.20509
0.912192
0.566846
1.32802
0.66505
1.11102
1.24023
0.908219
0.739576
0.907826
0.73924
0.798349
1.59182
0.948192
0.387154
0.613191
0.589629
1.05597
0.781808
0.638791
1.03134
1.18553
0.801678
1.03358
1.1092
1.03172
1.29327
1.03332
0.91235
1.15288
1.75634
0.786832
0.641394
1.0033
0.549199
0.352065
1.18567
1.02969
1.10546
1.11692
1.38676
0.942498
0.824056
1.09422
0.855716
0.65242
0.850545
0.803894
0.97173
0.710133
1.00394
0.605835
1.18902
1.46203
0.763376
0.382751
0.576938
0.985736
0.944667
0.856149
0.709954
1.16588
1.02284
0.720069
0.857315
0.776775
1.06954
0.522472
1.66503
0.856294
1.08653
0.851146
0.838134
1.02144
1.17616
1.31041
0.898957
0.976174
0.891958
1.07489
1.05837
1.18124
0.774327
0.799243
1.29459
0.894984
0.99493
0.911243
1.02546
1.09207
1.48612
1.13466
1.03421
0.929408
0.568376
0.972672
1.0915
0.849176
0.798697
1.11485
0.736917
0.846092
1.00693
0.806974
0.757063
0.987534
1.14977
0.785635
0.935286
0.857479
1.49267
1.49893
1.68653
1.59405
0.522762
0.684864
0.843601
1.07938
1.04825
0.877759
1.10209
1.0828
1.4756
0.66527
0.41865
1.11575
0.953546
0.792925
1.07617
0.825057
0.588014
0.957743
1.1377
0.887258
0.606137
1.16643
1.52374
0.576795
1.52176
1.10394
0.763393
1.26131
0.582549
0.8196
1.64176
0.458749
1.43387
0.88647
1.07515
0.573277
0.663119
0.692994
1.05923
1.14383
1.02454
0.613119
0.766386
1.41734
1.04788
1.15787
0.74248
0.93958
1.27097
1.46915
1.28364
0.96342
1.53547
0.607592
0.646089
0.66808
1.32755
0.826949
0.802379
0.892178
1.20538
0.697459
0.660594
0.561677
0.968461
0.868923
1.49518
1.04857
1.62121
0.645667
1.17841
1.35529
1.05343
1.15353
1.2614
1.78306
1.5394
0.348211
0.625396
0.814692
0.926041
0.559465
1.09104
2.06867
0.763649
1.11563
1.9018
0.72269
0.809431
0.851219
1.21111
0.735259
0.962488
0.918042
1.61238
1.56708
1.08867
0.676991
1.42032
0.85313
0.623204
1.41766
0.540814
0.789405
0.62588
1.0725
1.17276
0.894976
0.915776
0.976201
1.33273
0.626849
0.919205
1.19595
1.26773
0.642999
0.851681
1.27319
0.519109
1.35742
0.91255
0.725827
1.31844
0.919366
0.781679
1.06056
1.34569
1.1772
1.04512
1.04769
1.32061
0.75902
0.715867
1.24261
1.17787
0.824124
0.887559
0.838637
1.43003
0.367011
0.858305
1.03159
1.07541
0.809044
1.18453
0.955297
0.958198
0.645552
0.743878
1.27219
1.43098
0.820431
0.807974
0.861593
1.15949
0.484819
1.01373
1.02376
0.602159
0.972809
0.69283
0.841733
1.13343
0.883318
0.577342
0.996831
1.00495
1.02972
0.721428
0.844773
0.657179
1.46654
1.54091
1.30538
1.16345
0.975988
0.869393
1.01329
1.1212
1.19086
0.84007
0.838646
1.53674
1.21257
1.33741
1.53357
1.05435
1.44318
0.812869
0.85834
0.891924
1.2635
1.48507
0.983662
1.59968
1.00629
1.40616
1.39909
1.39854
1.60923
0.648334
0.890415
0.532589
0.802214
0.873405
1.44392
0.888049
0.732739
0.751472
0.849893
0.946712
0.882443
0.594982
0.966743
1.36066
0.870416
1.16904
0.801822
0.688241
0.917628
1.13748
0.807965
1.04564
1.19941
1.3777
1.68836
0.672279
0.959091
0.86163
0.840816
1.7079
1.1998
0.686503
0.704495
0.780676
1.32422
1.42524
0.998991
1.08703
0.864955
1.96086
1.01773
1.40256
0.781688
1.60267
0.702907
0.935156
1.49516
0.978983
1.03819
1.0925
1.72035
1.11434
1.20416
0.707262
0.981436
0.745412
1.17939
0.367809
0.676174
0.701581
1.01896
1.17649
0.885839
1.131
0.98373
0.506747
1.02197
1.20181
1.08304
1.00873
0.81834
1.05844
0.816765
0.727747
1.0369
1.22017
0.995179
1.21232
1.12181
0.458691
1.34691
1.53811
0.93583
0.943654
0.96004
0.967143
1.82691
0.695711
1.16664
0.912635
0.832644
0.900185
0.91229
1.21647
1.13348
0.908411
1.111
0.699635
0.587789
1.33951
0.913646
0.784191
1.41402
1.44008
0.727265
1.28663
0.773102
0.928675
1.03192
0.610363
1.04193
1.20223
1.136
0.98506
1.66352
0.738372
0.407539
0.466691
1.11055
0.931658
0.530475
0.980227
1.07038
0.669378
1.35054
0.711447
0.610725
0.747091
1.11218
0.871249
0.532953
1.44181
1.64805
1.00636
0.891181
1.43171
1.06516
1.63246
1.22529
1.01066
1.01542
0.890955
0.709487
1.00026
0.790708
0.911825
1.18161
0.824245
0.864996
1.37435
0.81959
0.644488
1.41435
1.18719
1.06641
0.792143
1.35166
0.863092
0.675941
1.08862
0.827853
1.22573
0.766013
1.06466
0.743322
0.809052
0.534748
0.803946
0.69541
0.732366
1.34477
0.552277
0.802319
0.714694
0.623129
1.08929
1.49132
0.589534
0.633694
1.14933
1.14273
0.51804
0.515297
1.4456
0.829726
0.883968
0.723643
1.32579
1.64799
0.674336
1.01971
1.0092
0.85344
0.767996
0.709333
0.690769
0.78724
1.02613
0.951561
1.09401
1.34164
0.720072
0.66062
1.29014
1.21458
0.868848
1.66729
1.90805
1.03417
1.21581
0.889237
1.12015
1.00969
0.975784
0.649445
1.33476
1.06565
1.31478
1.35691
0.594409
0.857133
0.851826
0.646984
0.633108
0.979662
0.86994
0.606794
0.746544
0.951168
0.989417
1.50893
1.30914
0.782489
0.411487
1.12082
0.940342
0.519548
0.992202
1.18106
1.02172
0.573565
1.07646
0.976762
1.82252
1.11091
0.625683
0.967142
0.742675
0.963777
0.577835
0.980878
1.278
1.20534
1.43346
0.6123
0.858253
1.52728
1.01308
1.25607
1.80765
0.821392
1.3808
1.41888
1.05012
0.725186
0.6209
0.713436
1.00032
0.882763
0.958561
0.622196
0.890339
0.794444
1.33149
0.48637
0.729321
1.10442
0.605552
1.00716
0.92443
1.99171
1.14862
1.50682
1.2165
0.634848
0.899941
1.23189
1.52677
1.53438
0.972948
1.52123
1.03497
1.13045
0.478468
0.986553
0.536209
0.977001
1.16937
0.741198
1.4118
1.19589
0.885011
1.43188
0.940004
0.831203
0.98367
1.5358
0.915835
0.722109
1.04005
0.775745
0.552026
1.05214
1.27915
1.03877
0.805997
0.957215
1.23392
0.486751
1.24495
1.50444
0.759956
1.34941
1.27889
0.766172
1.20022
0.968865
0.73592
0.919751
1.20356
1.17427
1.17536
0.574608
0.486532
1.63435
1.02178
1.3113
1.09512
0.70216
0.841445
1.36387
2.15331
1.19264
0.57193
1.34956
1.03908
0.534934
0.861865
1.29386
0.692425
1.47418
1.5586
0.903143
1.92179
0.63132
1.60336
1.15325
1.3259
0.751058
1.22975
0.968812
0.853187
0.995903
0.748827
0.713445
1.61663
1.07658
0.710356
0.980145
0.913936
0.90438
1.36677
0.737484
1.22333
0.807628
1.67674
1.00945
0.667165
0.331679
0.897414
1.08396
0.730692
0.776409
1.2097
0.87299
1.03092
1.63505
0.895026
0.721193
1.36248
1.19856
0.593966
1.33466
0.500401
0.667336
0.773767
1.4189
1.03371
0.699179
0.858742
1.38115
1.75301
1.05792
0.879892
0.456925
0.932786
0.580362
0.557387
1.59736
1.13535
1.34314
0.916454
0.930504
1.17393
1.11891
1.22445
1.13288
0.913483
1.20553
1.11745
0.647543
1.35624
1.25246
1.05734
0.896129
0.777677
0.901741
1.40781
0.726932
0.555119
1.35924
0.828012
1.03951
1.55621
0.948386
0.947333
0.749396
0.6691
1.29196
1.21004
0.958415
0.715551
0.839589
0.634486
0.880754
0.454213
1.05575
1.18709
0.591267
0.748943
1.30216
1.07147
0.936471
1.09274
0.833075
1.00439
1.08606
0.619588
0.675661
1.11941
1.20632
0.415267
0.992181
0.736511
1.27913
1.46932
0.830679
1.04789
1.06698
1.08646
0.930872
0.872861
1.64458
1.11667
1.06385
0.73101
1.05081
0.692822
0.922191
0.549396
0.620812
1.16092
1.21201
0.70389
1.014
1.73977
0.914815
0.712699
0.88974
1.02149
0.695241
0.705073
0.96964
2.19579
1.47342
0.578399
0.727981
1.05084
0.891225
0.830484
0.930189
0.643147
0.964396
0.596898
0.884022
1.41815
0.830607
0.88397
0.935999
0.687628
1.29882
0.820713
0.791708
0.935688
0.664853
0.763715
0.694576
1.43316
1.3276
0.607237
0.747733
0.937672
0.759157
1.1014
1.25827
1.24616
0.778332
1.15207
0.879361
0.811321
0.734445
0.830009
1.2135
0.989401
1.45591
0.863521
1.38933
0.446364
1.12259
1.32103
0.749123
0.90576
0.948819
1.49322
0.832585
1.25503
0.662398
0.814649
1.18925
1.26711
0.60838
0.912988
0.80191
1.13515
0.904822
1.12454
1.42394
1.17821
0.665394
0.837383
1.00401
0.66871
0.890489
0.79769
1.81287
0.663196
1.10227
0.830762
1.07862
1.28829
0.882489
1.70201
1.15742
1.39815
0.744611
1.07969
1.12733
1.20146
0.789852
0.880777
0.468463
1.16194
0.919273
1.12369
0.90459
0.31101
0.996947
1.33285
0.989026
1.21434
0.555137
0.482445
0.666982
1.51512
0.943568
1.38094
1.03636
1.25686
1.23869
1.09446
0.775884
0.963476
0.764087
1.5696
1.06199
1.59662
1.22065
1.10971
0.878956
1.59997
0.78568
0.882806
1.24812
1.11961
0.79381
0.971358
1.27191
1.34926
0.658523
1.06559
0.869573
0.854836
0.699806
0.94742
1.03474
1.734
1.17846
1.56245
1.20557
0.911235
1.14121
0.575059
0.697556
0.983355
0.712515
0.798744
1.58746
1.12771
0.886184
1.80528
1.63031
1.07525
0.836234
1.11628
0.513841
0.916146
1.39527
0.639157
0.65995
0.805773
0.915781
0.906699
0.770082
1.00711
1.27233
1.17413
0.948217
0.735759
0.980835
1.35859
1.2359
1.28458
0.842586
0.744622
0.719625
1.19801
1.04907
1.20804
0.995943
0.819841
1.88361
0.687472
0.845465
0.860914
0.901855
0.867932
0.805321
1.06205
1.10925
0.638378
1.1418
1.61641
0.905403
1.15676
0.455917
1.2886
1.08655
0.848204
1.93809
1.12043
0.499923
0.801825
1.1379
0.9161
0.839218
0.839162
0.71966
1.01181
1.20491
0.963524
0.662793
0.999743
1.14942
1.15068
1.45469
0.713201
1.02151
0.677016
1.28513
0.653762
1.03002
0.629855
1.07769
0.51819
1.23135
0.625405
1.26661
1.19161
1.07457
1.03118
0.924834
1.11662
0.693019
0.925172
0.943175
1.08731
0.644396
1.25644
1.5784
0.860965
0.824318
1.11037
0.918176
0.97739
0.726409
2.00681
0.583152
0.507754
0.908515
0.680786
1.09721
0.364927
0.735804
0.855363
0.6512
1.47641
0.806637
1.25049
0.709093
1.25187
1.15273
1.02462
1.03196
0.912902
0.977549
0.578166
0.727727
0.554735
0.866769
0.797598
0.625761
0.726143
1.12427
0.750681
0.642946
0.824254
0.849764
1.76917
0.547
1.12683
1.09906
0.806969
1.28297
1.60395
0.409144
1.00097
1.52127
1.0005
0.500415
1.3914
0.868558
1.41632
0.517882
0.825111
0.854509
0.949184
0.501327
0.842058
0.845007
0.648561
1.99068
1.17992
0.92718
1.00632
1.32148
0.927915
1.11069
0.792911
1.3116
1.59263
0.779596
1.30699
1.69262
1.48496
1.05847
0.786189
1.41117
0.733777
0.966438
1.12852
1.30376
1.52045
1.00832
0.936154
0.760102
0.667529
0.805379
0.853442
0.771971
0.607388
1.42753
0.797774
1.77882
0.720922
1.12649
0.577639
0.753312
1.16696
0.689578
0.992261
1.12857
0.975257
1.36132
0.891915
0.940453
0.969981
0.922993
1.34389
1.02271
1.15994
0.834879
1.20296
1.02113
1.03119
1.34603
1.62817
0.672335
0.628302
1.03031
0.630073
0.728548
1.37531
1.04902
1.30885
1.02308
1.00531
0.928049
1.09106
1.22325
0.72504
2.03965
0.71583
1.05567
0.807579
1.06097
0.639279
0.55557
1.69518
0.584385
1.17153
0.886571
1.06645
1.01996
0.825513
0.808289
1.0776
1.40757
1.06524
0.596505
0.722619
0.841269
1.05594
0.601926
0.741036
0.704074
0.756609
1.56027
1.02575
0.626621
0.8389
0.722304
0.937774
0.467447
0.797987
1.39529
1.29767
1.9715
0.763725
0.990724
0.545707
0.778189
0.822344
0.948026
1.21784
1.05993
0.491529
1.11456
0.717755
0.99744
0.762786
1.08943
0.640629
0.496495
1.21071
0.891235
1.15151
1.80775
0.523277
0.924475
1.57463
0.855106
1.23491
0.837514
0.730337
1.37043
0.429753
1.14808
0.737263
0.867336
0.891964
0.934497
0.638908
1.50195
1.02332
1.2915
1.58675
1.17625
1.12509
1.14312
1.29564
0.981856
1.49746
1.15659
1.10712
0.838721
1.11446
0.939193
1.02884
1.12438
0.989424
0.658781
0.84503
0.812918
0.677511
0.645626
0.994305
1.4392
1.0452
0.881014
1.08143
1.97297
0.911934
1.04628
1.11028
0.905419
0.466532
1.06305
0.858392
0.741483
2.6085
1.25563
0.597583
1.22478
1.16196
1.33072
0.660075
1.1527
0.998027
1.05121
0.931827
0.900846
1.26625
0.671105
1.31705
1.22224
0.592177
0.693537
1.01275
1.15635
1.35326
1.75761
0.834275
0.662061
0.877495
1.436
1.39368
0.809022
1.02026
1.88743
0.867563
0.78663
1.09879
1.04887
1.22176
0.992079
1.05641
1.36815
0.500225
1.03929
0.939756
0.812257
0.479805
0.912351
1.55641
1.0077
0.793221
0.599308
0.831201
0.810199
1.32314
1.8949
1.12793
0.306167
0.979758
0.667909
1.04728
0.526101
1.10055
0.752489
1.08819
1.11089
1.25186
1.58002
1.10066
1.08301
1.71302
1.52734
0.783003
1.17554
1.63813
1.21483
1.04054
0.947664
1.3362
0.666087
0.647107
0.659589
0.796446
0.664918
0.609199
0.538141
0.863761
1.07655
0.726634
0.800101
1.2836
1.43171
0.472428
0.567008
0.847
0.757765
1.36345
0.541478
0.945595
1.25936
1.23221
0.66437
1.14962
0.407062
1.38558
0.768106
0.482489
0.93697
0.698568
1.0244
0.9441
0.829711
0.874674
1.02056
1.54163
1.48502
1.37457
0.765103
1.20605
0.493568
0.386644
0.853907
0.693984
1.59591
0.901033
0.812847
0.869183
0.569538
0.770436
1.00292
1.12858
0.931388
1.36229
0.897705
0.546734
0.94185
0.648822
0.750041
1.15244
0.898377
1.15573
1.10676
0.6697
0.937874
0.515225
1.0075
0.68129
0.875573
1.22099
1.59873
1.17489
1.15152
0.754232
1.03749
0.85845
0.819539
0.938194
1.20811
1.17701
1.25541
0.912719
1.007
0.944505
0.888934
0.958205
1.25653
0.729347
1.0483
1.31143
1.67042
1.28379
1.225
0.514675
1.74977
0.646518
1.32795
1.54974
0.785733
0.766263
1.388
1.84963
0.893949
1.01744
0.843107
0.838708
1.49046
0.8736
1.05637
0.989975
1.8602
1.27363
0.585224
1.341
1.09044
0.695965
1.4733
1.10952
1.51183
0.861352
0.642613
0.705996
0.557216
0.73205
1.57967
0.717719
1.48745
1.05414
0.991308
0.770389
0.86749
1.19663
1.09215
0.889521
0.877218
2.11533
0.868913
0.564714
1.15916
0.61779
1.00954
0.83752
1.20363
1.16825
0.880407
1.03823
1.17299
0.734971
1.06498
0.835957
0.985905
0.760681
1.06082
0.859812
1.84907
1.13111
1.0205
0.642871
1.07202
0.90344
0.824854
1.72775
1.24181
1.10401
0.729215
0.909243
1.02411
1.19078
0.803326
0.923588
1.2466
1.09401
1.08869
0.904556
0.792158
0.618016
0.766352
0.860456
0.820771
0.962319
0.643567
1.0832
0.56174
0.549149
1.0221
1.02113
1.04575
1.22213
1.47583
1.13202
1.0478
1.07911
0.891958
1.49805
0.807219
1.09203
1.53501
1.4007
1.24366
0.908514
0.947992
0.890743
1.07044
1.29589
1.15965
1.04737
1.32705
0.325325
0.80782
0.869604
0.863419
0.831211
0.763229
0.540942
0.822072
0.77802
1.13288
0.571657
0.536801
0.616456
0.965572
1.20145
0.885895
1.02025
0.740459
0.813588
1.00117
1.37121
0.962956
0.670054
0.938128
0.958665
0.987238
1.4707
0.676839
0.77888
0.832209
0.90802
1.07239
1.07636
0.88715
1.04685
0.420316
0.814763
1.03078
1.49078
1.23156
1.29263
1.22784
1.04896
1.00436
0.920569
1.13423
1.09824
0.788171
1.53929
0.618889
0.97659
1.56131
0.739304
0.682405
0.790954
0.761373
1.78015
0.97087
1.5311
0.741236
0.772484
1.3585
0.441178
0.998823
1.09975
0.919018
0.676581
0.939879
0.60747
