0.15854
0.855127
0.748319
0.655405
1.71308
1.13788
0.758844
0.516985
0.558392
0.446275
0.735956
0.240134
1.04524
0.667001
0.285868
0.758775
0.91392
0.13058
2.04445
0.360727
0.809693
0.648016
0.618881
0.634393
1.34682
0.329219
2.48346
2.73981
2.66143
0.84814
0.0993033
0.68414
2.37055
0.303996
0.552035
0.331387
0.129867
0.458278
0.225585
1.23576
1.02796
1.20029
0.198974
0.595046
0.453239
2.36125
0.301696
1.30841
1.3901
1.5469
1.54286
2.81254
1.23975
0.767061
1.87383
0.749067
1.12226
0.442935
0.931837
2.06133
0.922649
0.494526
0.462721
3.34563
0.0696226
1.3434
0.845302
1.0646
1.67069
1.26456
0.197606
1.72818
1.38885
0.253494
0.101671
0.244109
1.98151
1.59059
3.70881
0.934805
0.598967
1.0084
1.43475
0.302528
0.95472
1.24412
1.05939
1.19823
0.534342
0.713595
0.987971
0.891973
1.71041
1.63597
1.18393
1.8893
1.17722
2.30173
0.562439
0.557407
0.623877
0.633707
0.105239
0.296078
0.133641
0.312838
0.67623
0.829561
0.447678
1.18798
0.623996
0.221803
0.102062
0.27926
0.612352
0.324246
0.0441131
0.728883
0.697399
1.96745
0.425561
1.11876
1.43088
2.70594
1.26138
1.31216
0.529709
0.83001
0.550703
1.0824
0.520192
0.731982
0.665714
0.725393
0.827455
0.982838
0.303277
0.229129
0.423801
0.445574
0.31078
1.92328
1.28435
0.172815
0.705234
0.485088
1.15812
1.1957
0.211976
0.537376
0.628392
2.11535
3.04782
1.18362
0.504482
0.18205
1.22523
0.702185
1.7197
0.865266
2.20916
0.600887
0.287983
1.59193
0.0927631
1.70931
1.46284
0.965012
0.299505
1.63912
0.216314
0.268518
2.07971
0.915502
1.59421
1.62921
1.31029
1.06492
2.75211
1.28878
0.59595
3.15213
0.605467
0.790613
1.24811
0.943283
1.7076
0.452257
1.05054
3.00601
1.88364
1.38061
0.795088
0.347568
0.904973
0.598085
1.37212
0.247023
0.446177
4.20276
0.903236
1.28888
0.156884
2.16505
1.3276
0.224457
0.87406
0.772824
0.336421
2.24068
3.32111
2.08528
3.3362
0.21802
1.01935
0.39319
0.481917
0.28054
1.12439
0.932194
0.311177
1.67399
0.649016
0.777657
0.685398
1.00212
1.29904
0.482791
0.753122
0.541902
2.48588
0.816085
0.260145
0.62626
0.340397
2.38616
1.44925
0.654624
0.484733
0.956074
0.848422
0.92492
1.03363
1.03226
0.674003
0.396923
0.606409
0.579086
1.90481
0.261526
0.421272
1.24933
0.222071
1.00006
0.600229
1.10846
1.89844
1.29556
0.970447
1.53765
1.06066
0.773831
1.37027
0.81288
0.951083
0.339603
0.107301
0.449094
2.03775
0.267304
1.47576
0.220946
0.337734
0.284434
2.56184
0.442212
1.51678
0.949426
0.406278
0.648715
0.587953
0.748681
0.537727
0.763042
0.428185
0.311639
1.15234
0.863088
1.41335
1.4473
0.591856
0.330395
0.413114
0.970063
0.797187
0.881308
0.719177
1.50214
0.811557
0.765466
2.52862
0.680585
0.499034
0.722304
0.38681
0.435454
1.941
0.23342
1.11716
0.866345
0.175902
0.381217
0.636807
1.68424
1.4581
0.659128
0.61843
0.731259
0.6991
1.29518
0.262103
1.06494
0.823002
1.34951
0.629388
1.19659
0.700177
1.4151
0.861126
2.43813
1.37859
0.463127
0.695541
1.11061
2.11772
0.884838
2.62398
0.461685
0.843317
0.253592
1.98176
1.22845
1.46318
0.0746148
0.578754
1.25767
1.17825
0.558549
0.290532
0.707575
0.482856
0.894461
1.155
1.45823
0.249532
0.404998
1.06625
0.3894
0.737513
0.216095
0.227142
0.172873
0.382179
1.42158
0.663172
1.78204
0.637863
1.79855
0.557623
2.21975
0.994126
0.334493
0.315988
2.34617
0.853026
1.89868
1.33913
0.723901
1.16819
1.17327
1.74213
0.818833
0.121264
0.609632
0.431141
0.340146
1.56662
1.07083
2.97568
1.08389
1.11316
1.40116
0.0522778
0.377573
0.502972
1.40091
0.756386
1.28147
1.04956
1.60121
0.879902
1.5896
0.735132
1.94104
2.0949
0.693694
2.0622
0.803288
1.90289
0.359122
0.542998
1.29072
0.332565
3.80324
0.897924
0.996054
0.419005
1.33425
1.64064
1.26171
0.531507
1.23069
1.151
2.47662
2.08099
0.496374
0.877825
0.619391
1.76037
0.352657
1.10696
1.46012
0.788878
0.638335
0.708834
0.441217
1.3509
1.31811
2.30927
0.438428
1.26082
1.38653
0.544527
0.469882
0.454171
0.354697
1.71301
0.383353
0.166737
1.50137
1.43876
0.965632
0.774755
0.312755
0.827217
0.553439
0.848748
1.02359
1.22587
0.879535
1.7252
1.99381
1.66624
1.52336
2.22005
1.08194
0.552
1.67234
1.40849
0.265145
1.16879
0.659409
0.635347
0.388142
1.35672
2.50121
0.728067
1.02636
1.14674
0.496223
1.30762
1.95636
1.826
0.701887
0.976444
0.957239
1.30166
0.470548
2.06558
0.281505
0.66655
0.695441
0.500659
0.789154
0.368852
3.59926
0.138231
2.2995
1.40841
1.62194
1.15593
0.870174
0.510064
0.178724
0.528483
0.516591
1.04429
0.889043
0.944846
0.663176
0.471746
0.531177
0.919986
0.220236
0.511505
1.73398
0.84427
0.81408
0.767841
2.36741
1.06625
1.22623
1.17249
0.176757
1.93468
0.442831
1.54
1.49053
2.75178
2.18878
2.06242
0.0960907
1.07126
0.177516
0.600279
0.365846
0.175613
1.49238
0.504834
1.42389
0.724795
0.350664
1.87433
0.417141
1.34532
0.377803
0.176033
2.63119
1.04879
1.30516
0.68947
0.308646
1.54111
0.402144
0.0666381
1.01813
0.695572
1.08365
0.269134
0.74232
0.821887
0.39232
0.391572
1.54699
2.4339
1.07531
0.926855
1.00542
0.815649
2.19795
2.36932
0.717795
0.692193
0.878691
0.802222
1.41106
1.69239
0.118902
1.97364
0.30049
0.838026
0.855261
0.589554
0.46956
0.423858
1.13494
2.58514
1.78861
2.30512
0.498352
2.45257
0.856497
1.27548
1.36559
1.17708
1.77709
1.49944
1.10286
1.64477
0.828544
0.374179
1.33848
1.4813
1.83997
0.675766
0.279429
0.516333
0.933618
0.636905
0.923583
0.81598
0.894559
0.514098
1.64014
1.02572
2.2829
0.152828
0.939237
1.51458
0.428501
0.769952
3.34547
0.644294
1.1112
0.469914
0.861091
1.0797
0.97261
1.37784
0.435402
0.781838
0.790333
2.50556
0.546717
0.114028
1.596
0.431511
1.98311
1.29814
0.524247
1.03305
2.13854
0.418917
0.60299
0.0546235
0.248249
0.380467
0.297213
4.12126
0.90947
0.515569
1.41052
1.06894
0.33874
0.165115
0.791156
1.32653
1.14902
1.78696
1.03422
1.40406
3.02044
1.59098
0.496532
1.67897
0.311718
1.32724
0.576257
1.53658
0.438287
0.324585
0.83829
1.02967
1.35417
1.06018
1.12209
0.540957
0.806315
0.470564
0.503622
0.515556
1.21931
0.402298
2.33431
0.20151
0.420659
0.960721
1.69903
2.44758
0.665611
1.13517
0.484482
1.9651
0.94819
2.12435
0.363328
0.356846
0.357942
0.21806
1.17703
0.958626
1.01902
1.52292
0.16737
0.691641
0.610554
0.167346
1.11493
1.31207
0.6643
0.0385212
0.421257
0.51338
0.217509
0.329921
0.717307
2.39135
2.40443
1.6525
0.814466
0.399484
0.590521
1.11493
1.06997
0.469796
0.780409
0.359468
2.56549
0.225827
0.959381
1.01393
0.349444
1.6375
1.56942
0.149114
0.849285
0.196086
0.588198
2.72654
1.69735
1.37964
0.81843
0.952179
0.156082
2.7586
0.284986
1.04516
0.637483
1.42365
0.523192
0.837198
1.2153
0.567064
1.31687
2.04399
0.743738
1.81555
2.33313
2.54485
0.0823196
0.914169
0.48979
0.748194
0.642903
0.475434
0.468052
2.69693
0.588387
1.04881
0.843769
3.74969
2.85282
0.711605
1.06284
0.861586
0.983793
0.187405
0.830535
4.61845
2.1368
2.27395
1.60569
0.203534
0.593014
0.483715
1.02383
2.18831
2.0904
0.769435
0.771851
0.597802
2.48932
1.14805
0.258562
2.33782
0.173509
1.39439
0.496825
0.231474
0.917575
0.694173
0.467628
0.52436
0.808014
0.422724
0.838081
1.04611
0.403226
1.58368
2.23632
0.755596
1.70699
0.288733
0.539442
0.213521
0.196241
2.56573
0.776677
0.649387
0.987883
2.51996
1.45202
0.65831
0.665561
0.650606
1.00511
0.618892
0.323542
0.252815
0.425691
1.35015
0.279235
1.11135
0.932826
2.53036
1.57857
1.46038
0.970976
1.75053
1.60262
1.51367
0.551578
1.02247
0.542539
0.772718
0.82718
0.884474
0.424126
0.998226
1.14224
1.91178
0.778726
2.22911
0.746996
0.723669
0.957653
1.84818
1.40387
0.397811
0.33449
0.207084
0.432393
1.2891
0.17463
0.599149
0.63755
0.0733556
2.58293
3.06231
0.567469
0.98206
0.794406
0.696451
1.83892
0.13832
1.09053
0.671242
0.802007
0.541389
1.28814
0.46412
1.72375
0.408178
1.79734
0.00891984
1.37513
2.06187
0.554794
0.0769301
0.72022
0.228957
0.646448
0.830466
0.609603
1.52299
1.27215
1.17118
1.59225
2.52707
0.28873
1.37095
0.454888
0.344591
0.0717343
0.544118
0.904263
0.960881
0.73477
1.90463
0.699013
1.26318
0.230698
1.83623
3.90016
0.147213
0.997342
1.20042
0.820315
0.87679
0.668248
1.08891
0.567233
1.03065
1.30499
0.195818
0.729244
1.00195
0.838721
0.800141
1.13325
1.41937
1.87639
1.506
1.6089
0.595572
0.305503
1.51058
2.84596
1.37995
0.701816
0.651248
0.515371
0.184087
1.83121
0.588349
0.569903
0.440592
1.2044
1.73951
0.989909
1.16157
0.775543
0.071312
0.615391
1.85115
3.3269
0.218147
0.673514
1.61873
1.03377
0.418039
0.489358
1.82584
0.607981
0.2818
1.8714
0.458878
1.4019
0.474908
0.522377
0.430364
0.955681
0.850349
0.831234
0.973263
3.00944
0.921329
0.402676
0.460734
0.378462
0.836032
0.572133
0.383089
1.0418
0.489683
1.12891
1.39599
1.59135
1.4034
0.306629
2.28528
0.505108
0.65058
1.03967
0.451167
1.07997
0.981493
1.43485
1.02911
0.0908473
0.583268
0.320348
0.632459
0.622839
0.680739
0.46105
1.71531
0.747201
1.49005
0.325125
1.74619
0.808916
0.45473
2.0073
2.07041
1.05286
0.22418
0.70706
0.992629
0.226962
1.22249
0.665056
1.33589
0.144042
0.671984
1.41096
0.706642
0.255639
1.21914
1.67235
0.159475
0.96443
1.88912
1.01624
1.28457
0.876789
0.766966
0.790199
1.45938
2.32465
0.589381
0.130955
0.532939
0.411599
0.310094
0.415823
0.210794
0.955583
1.91581
2.41091
1.01125
1.68879
0.598066
0.911218
0.349517
0.844994
0.736727
1.56486
1.1329
0.47868
0.67134
1.03818
0.537805
0.257408
0.878003
0.619238
0.943095
2.82425
3.13321
0.957231
0.00522921
1.40765
0.203316
0.206706
0.261322
0.682978
1.02573
0.401274
0.608456
0.558893
0.972755
0.901784
0.735876
3.00893
1.18568
0.508386
1.49511
0.395167
0.912722
1.81278
0.547756
1.1732
0.709333
1.00019
0.45988
1.24958
0.314654
1.57103
0.411223
1.34667
0.188806
1.60027
0.803215
0.964457
0.250691
0.456838
0.707038
0.553149
1.71494
1.03124
0.75275
1.11544
1.49161
0.47639
3.57406
2.66509
1.5751
1.75153
0.583865
0.337753
0.939623
0.695427
1.68385
0.225389
0.550305
0.900421
0.418377
2.01125
0.0513624
0.967143
1.43997
0.30836
0.212862
3.5794
1.2722
0.50287
0.118791
0.67314
0.946247
0.781953
0.695185
1.21862
0.512822
1.1688
1.47815
0.177424
1.75329
0.477569
0.656621
1.01028
0.612892
0.39843
0.780527
1.20406
1.57902
1.90244
0.595794
0.854432
0.970438
0.547222
1.79983
1.3321
0.626959
0.718034
0.678996
1.69178
2.04162
0.739351
0.257749
0.425545
1.84335
1.02671
0.683595
2.08983
0.203783
1.77758
0.370732
0.379566
0.223685
1.33326
0.465457
2.25516
0.0214038
0.842182
0.775015
0.406084
0.208036
0.743187
0.904819
2.20474
1.02625
1.36411
1.89114
2.2213
2.66754
1.17228
0.744368
1.1989
0.23852
1.23235
0.990652
0.368018
0.0460836
3.69455
0.621269
1.35211
1.16805
0.837398
1.11266
0.850415
1.99679
0.924821
1.30202
0.739614
0.371167
0.609053
0.255834
1.40948
0.31783
0.756616
0.911788
0.87235
2.37888
1.90693
1.55076
1.05688
0.463263
0.757401
2.68191
0.278641
1.48953
2.27641
1.24009
0.237264
1.11085
0.750279
0.967875
1.63498
0.966414
0.716588
0.585221
2.18862
0.598614
2.28581
0.392195
0.706059
0.97159
1.83832
0.688397
1.79328
0.505142
0.88239
0.987027
0.903291
1.03999
1.11022
0.209687
2.63008
0.899618
0.381708
0.546896
0.783644
1.43996
1.81317
0.519695
0.361384
0.890773
0.66906
0.787201
0.0758167
0.813198
0.384705
1.0248
0.181812
1.26145
0.480296
0.348395
2.94259
2.2898
0.736139
0.0352501
0.405256
1.3776
1.67926
0.583526
1.24158
1.24064
0.933515
0.909027
0.297534
2.09298
0.341812
2.29784
0.706622
1.13886
1.25223
1.19584
0.806016
1.21599
0.400952
1.36803
0.171724
1.052
0.908137
1.08345
0.124609
3.50979
1.20976
0.526824
0.214865
2.34857
2.07164
1.17184
2.11022
1.09918
2.66261
1.28995
0.67055
1.19261
1.80388
1.32303
0.980391
1.16685
0.820753
0.545533
0.757132
0.250371
0.304773
1.1466
1.19661
0.284955
1.12229
0.368784
2.82174
0.957694
2.20075
2.56244
0.643376
2.41327
0.61822
0.320402
1.89633
0.226492
1.01755
0.300369
0.700915
0.337752
0.180785
2.46045
0.992375
0.85254
1.00236
1.6207
1.95788
0.936117
0.871502
1.44322
0.687453
0.406733
0.312664
0.297337
1.19937
0.0741812
1.53671
0.728093
1.78097
1.82767
0.851715
0.445603
0.646865
0.229119
0.577596
0.815094
0.236067
0.228239
1.2913
0.644297
1.71574
0.673419
2.14465
0.565322
2.28715
1.4132
2.15807
0.952206
1.66885
1.13856
1.99908
1.26785
1.09425
0.31608
0.556949
0.349857
0.7935
0.710609
1.60892
0.20614
0.749864
0.623762
0.352392
2.02303
0.97378
0.734838
0.247439
0.820359
1.75346
0.602078
3.12666
1.68382
0.47606
0.475691
0.659456
0.691426
2.41934
1.36808
0.504494
2.18733
0.650194
0.789814
0.0696434
1.39496
2.19282
1.81771
1.24246
0.929663
0.878055
0.892589
0.39921
0.967965
2.97151
0.620384
0.86012
0.255175
0.95581
0.402263
0.123106
0.899273
2.28307
1.67148
1.17551
0.745006
2.09585
0.779519
0.518417
0.691713
0.703206
0.238501
0.306027
0.519015
0.757956
1.4572
0.781546
1.09902
1.82857
1.04677
1.18626
0.466875
0.188407
0.0956832
0.121146
1.07631
0.53794
0.686635
2.18213
1.11413
0.508132
0.692628
0.854468
1.44202
0.806936
0.389404
1.37363
0.401294
0.5829
1.26486
0.732887
0.500402
0.267114
2.46869
0.91093
1.67947
1.34648
0.192007
2.89848
0.742941
0.73167
1.59973
1.77681
1.77945
0.81112
0.781354
0.89138
3.70367
2.37209
0.156161
0.82705
0.561112
0.716022
1.18627
0.362003
0.987746
1.36102
0.634868
0.122967
2.68394
0.319344
0.150231
1.77865
1.63123
1.23247
1.2641
0.207444
1.49979
1.11033
1.36389
2.703
0.552939
1.30951
0.315121
1.43694
0.178556
0.758551
0.72083
0.506256
1.72081
0.632429
0.784698
0.385049
0.179277
1.81878
1.3154
0.736897
1.02177
1.78102
0.32895
1.14415
1.82854
0.462608
1.20623
0.414987
1.08046
0.558355
0.0995632
0.580341
0.527887
0.395801
0.228668
0.495091
0.432276
1.94567
1.27661
0.281435
1.18888
0.31881
1.20229
0.640313
0.107319
0.56081
0.107965
0.742779
0.879492
0.737664
0.174344
1.17721
0.429608
1.30444
1.78899
1.83976
0.388839
0.170381
1.5193
2.14787
0.842412
0.659358
0.441809
0.0947584
0.287978
0.664442
0.936674
0.697072
0.522918
1.96503
1.26377
2.49469
1.05024
0.699874
1.69955
1.0053
0.859776
1.05242
2.79335
0.339264
2.10147
1.29835
0.546159
0.357773
0.222429
1.14974
1.13501
0.554581
0.315747
0.482901
0.4975
0.340245
1.06955
0.280007
0.899298
3.57477
2.14995
1.94268
1.95679
0.237255
1.66511
1.14684
0.37817
0.701733
1.19185
1.53785
0.144935
0.910856
0.588479
0.456963
1.61395
0.809423
1.11453
3.76517
0.448994
1.79221
2.57681
1.33258
1.10252
1.03637
0.852552
0.514008
1.08101
1.21894
1.21326
0.642628
0.865823
0.937018
0.603077
0.695986
2.19241
0.661371
1.55281
1.54513
0.542312
0.926658
1.21498
1.616
0.245777
0.430947
1.27685
1.0054
0.406192
1.4761
0.35588
0.414684
1.23489
0.438436
0.567725
0.658535
0.707275
1.0414
3.3014
0.379856
1.50834
0.112721
0.229397
0.778452
0.489839
1.47038
2.11886
0.0244724
0.891673
0.821842
1.35679
0.159094
0.805369
1.49001
0.901288
0.496397
2.02092
0.935072
1.31044
1.25571
1.38383
0.469661
0.335096
0.718655
0.0252588
1.16824
0.471573
0.088929
0.741161
0.21745
1.0797
1.1657
0.630856
1.91678
1.31607
1.65631
0.728129
0.106113
2.21887
1.51047
0.18348
0.289993
0.316958
1.19825
0.874726
0.26205
0.891753
0.741685
0.197785
0.792498
0.959189
0.626888
1.25387
0.639852
3.19727
0.195744
1.34772
0.280319
1.04608
0.167405
0.97861
0.492207
1.11612
0.717251
1.16795
0.890027
0.658522
1.28141
0.0868688
0.416794
0.545811
0.752163
3.50487
0.53173
1.05259
0.685932
0.874283
1.09412
0.649152
0.116507
0.596423
1.13571
2.21453
0.963507
0.76007
0.830933
0.657226
0.420096
0.60722
1.60645
0.632969
2.3393
0.566401
0.695871
0.782905
0.991652
1.42374
0.448287
0.134379
1.51801
0.7234
0.259906
1.03508
0.358684
1.05367
0.0207191
0.333925
0.31148
0.878412
0.188897
0.593005
2.0364
1.19454
0.0995068
1.8365
1.05951
1.60774
0.595161
0.241283
0.971559
1.02027
0.60524
0.543172
0.975774
1.18333
3.14095
0.772022
1.07914
1.90943
1.8242
1.05203
0.636686
2.77455
1.28522
0.830222
0.521523
0.459069
0.193961
2.69491
1.25268
1.81313
1.09365
1.11559
1.63282
1.30746
1.64848
0.406446
0.26626
3.15305
1.76934
0.907107
1.1242
2.31888
1.90944
1.55252
0.27738
0.659185
0.918413
0.607345
1.37472
1.45153
0.259435
0.578097
1.48015
0.445531
0.91949
0.689071
2.32478
1.29281
1.11694
1.40053
0.368176
0.79586
1.71887
0.472708
0.484875
2.93664
0.679031
0.451946
2.20407
0.369854
0.337692
1.88642
0.230983
1.43194
0.171884
0.972839
0.929907
1.35874
1.14645
0.868933
2.18974
0.527776
1.19807
0.925456
1.38844
0.354264
0.0728697
0.609601
0.228899
1.14906
1.26591
1.02086
0.907995
0.847356
1.93098
0.62971
2.45165
2.95762
0.108006
0.876327
0.915759
0.241556
0.141075
1.48023
1.91439
0.384887
2.17686
0.644768
2.05457
0.722455
0.820995
0.861648
0.246345
0.408385
1.66525
1.64243
0.640749
0.17115
0.453598
0.957632
0.795991
0.736709
0.397913
0.217783
0.450926
0.136701
0.582209
0.634139
1.60633
0.406429
1.79366
0.384562
4.1328
0.0097571
2.66406
0.356305
0.911594
1.16066
0.997852
0.569374
1.18002
0.571384
0.913099
1.48885
1.55779
0.602737
1.87204
2.96442
0.890387
1.11076
1.7145
2.36437
1.23151
0.42461
0.647111
0.17401
0.210488
0.419572
0.419927
1.3903
0.373354
0.860459
0.365104
0.435022
0.958307
0.578818
0.767223
1.69436
1.41448
1.05668
0.879479
1.01219
0.725139
0.278207
0.730165
0.284465
0.55473
1.15188
0.810879
0.501123
1.00643
1.96917
0.436135
1.38731
0.783017
0.486508
0.503268
0.622296
3.61608
1.12916
0.327225
0.23916
1.15389
0.344061
1.32802
0.958799
0.406617
0.901134
0.540645
0.972788
0.272636
1.01127
1.11934
1.24561
0.451276
0.136369
0.095995
2.69677
0.592135
1.0237
1.38037
0.932735
1.52883
0.587723
1.13188
4.16778
1.36297
0.122261
0.441982
0.521046
1.0216
0.84848
0.383047
0.558338
0.69015
0.497541
0.404279
1.61247
1.21332
1.23944
1.24161
0.690468
0.347025
0.859783
1.37902
0.413374
2.50748
1.27997
0.967283
1.16515
0.438814
1.35675
1.3682
0.763086
0.830457
2.14803
0.228479
0.194831
0.381952
1.47247
0.230198
1.49836
0.139464
0.720395
0.973502
0.405249
1.57471
0.96144
0.728728
0.464046
0.842612
1.89088
1.05486
0.805614
0.720219
1.32264
0.537067
0.415289
0.667579
0.837556
1.15949
1.48679
0.879989
2.42498
0.12939
1.08409
2.1677
1.05998
1.595
1.69031
0.167006
1.06352
0.637372
2.07846
0.899586
0.965239
2.13716
1.96224
0.154715
0.434246
0.781732
1.39758
1.18672
1.55608
0.2356
0.922359
0.512805
1.12538
0.46056
1.0341
1.1327
0.0548041
1.29325
0.722481
0.43317
1.2925
1.19131
0.407394
0.802156
0.229505
0.79027
0.115797
0.724575
0.595287
0.751579
0.559437
0.847636
0.36339
1.56241
1.48249
1.53714
1.62989
0.56903
1.71396
1.23908
1.20423
1.24579
1.85722
0.571944
0.597647
0.157327
1.72558
0.874265
0.154416
0.476285
0.359109
0.674935
0.39929
1.29906
0.632168
1.21136
1.72984
0.970123
0.493476
0.966251
0.00854766
1.80591
0.397919
0.886406
0.79612
2.1252
0.804744
1.23398
0.773347
1.0165
0.15928
1.2463
0.214962
1.31972
2.09256
1.12112
0.447958
0.625523
0.34711
0.748312
1.09886
1.41847
0.741748
1.44824
0.380339
0.697232
2.22961
0.735191
0.136106
0.671902
0.414216
0.823457
0.995009
0.510194
0.711769
0.220092
1.61685
1.20548
1.40264
0.588357
0.0665879
0.0972667
0.92343
0.740651
2.64189
3.44011
1.29128
0.786164
0.937727
0.742291
1.24752
0.247845
1.06538
0.370413
1.61645
1.27651
0.882531
1.61981
0.730696
1.20717
1.41212
0.44862
0.174272
0.663073
2.80502
1.24248
1.00694
0.315338
0.724222
0.610584
2.35791
1.36551
0.162283
0.113448
0.845563
0.269908
1.08062
0.399485
1.73468
1.2614
0.65885
0.403182
0.379904
0.5054
2.33123
0.764296
1.87442
0.403705
1.18872
1.89977
0.821222
1.07635
0.263054
0.483533
1.10255
0.675176
0.332761
0.825048
0.560751
3.02643
0.51336
0.291459
0.4885
1.73068
1.19353
0.763073
1.07948
0.11601
0.571472
2.44122
1.38658
0.263951
0.939583
0.516677
0.103032
1.23575
0.552549
2.6981
0.618592
0.40353
0.6152
1.7576
0.638682
0.632517
1.57031
0.705344
0.232271
1.70524
1.83517
0.287599
0.917899
0.391224
2.06452
0.510923
1.95598
0.344052
0.622956
0.765563
0.0505124
0.922787
0.772872
0.71348
0.698725
1.53556
2.8412
0.663792
0.678711
2.3008
1.09925
0.203648
2.6563
0.683468
0.749246
1.166
0.864639
0.491277
1.47827
0.410646
1.21594
1.54044
0.0750993
2.98342
0.722029
1.1552
1.61411
0.397695
0.196405
1.39698
0.754788
0.24027
0.295776
0.847901
1.11785
0.68115
1.26124
1.58471
0.859053
0.248659
1.27314
0.53694
0.168387
0.857562
0.647886
0.688936
2.77514
1.65489
0.497256
3.34531
1.34838
0.657162
0.471099
0.591964
0.159503
0.315205
0.577039
1.52256
0.543557
0.536566
0.723621
4.97817
0.7354
0.434885
1.48903
0.160681
1.42012
3.15272
0.479167
1.36688
1.28452
0.869883
0.37244
1.45408
0.792314
0.462195
0.950371
1.01949
1.67681
0.581453
1.05802
0.758892
1.09322
0.910215
0.376562
0.331837
0.703232
0.371036
0.756094
0.903717
0.238957
0.0427998
0.673301
0.185179
2.32112
2.66173
0.652737
0.625756
0.637729
1.04085
1.31253
0.105318
0.344169
0.767589
1.38117
1.29428
0.289556
1.23064
0.892496
0.0868756
1.35489
1.49966
1.06542
0.598179
1.53337
1.07097
3.11555
1.47725
0.810017
0.891464
0.969769
1.03204
1.47234
0.530011
1.03046
1.2602
0.944436
0.898419
0.438286
0.901943
2.14182
0.576216
0.44679
1.8379
0.500935
1.43431
0.063162
0.779579
0.5771
1.65991
1.19877
0.24765
1.1231
2.40948
1.36523
0.132926
0.914765
0.52535
0.535765
1.48301
1.17204
0.902942
0.616409
2.39838
1.17999
0.685271
2.75469
0.365521
0.231259
2.24417
0.300959
1.41035
1.04362
1.61527
1.03352
0.134968
1.10305
1.15127
0.985685
1.51001
0.568504
1.07138
0.988331
0.389854
0.221113
1.53294
0.154592
1.00112
0.389402
0.469795
2.31162
1.04248
0.407925
1.68721
2.01896
2.73014
0.946467
0.239899
1.16076
1.70651
0.590624
1.03623
0.256607
1.06025
0.938344
0.212686
0.516322
2.02683
0.361631
0.164053
1.38269
0.367719
1.05061
0.485908
0.248531
0.744174
2.28592
0.400097
1.80704
0.965596
1.39151
0.96686
1.87726
1.16549
1.52136
0.225498
0.77559
0.259573
1.50278
0.938699
2.97479
0.257081
0.991184
1.89026
0.979132
0.840371
0.350077
0.497543
1.03283
0.2735
1.47446
0.581481
1.24572
0.244776
0.668271
0.875993
3.2178
0.331571
0.898683
0.0347158
0.731247
1.22688
0.686859
0.449493
0.845115
1.62249
0.235333
2.09145
1.88773
2.01432
1.49784
0.42218
0.604019
0.846238
2.27905
0.18694
0.613337
0.151198
0.863628
1.87169
1.08146
1.93336
1.09407
0.874481
0.556265
1.0259
1.1681
0.292188
0.684469
2.62798
0.372906
0.780395
0.179993
0.732115
1.34065
2.53893
0.567128
0.888151
1.87533
1.14913
0.337678
0.940795
1.95588
0.814219
0.260105
0.316106
0.34059
0.702711
2.14481
1.5595
1.24384
1.07579
0.579886
1.97141
0.457459
0.304715
0.670442
0.663
1.02733
0.705527
0.19813
0.357151
1.69597
1.43703
0.493909
0.501351
1.06196
0.905841
0.348437
2.50018
1.33882
2.55881
1.38126
0.149744
1.3625
0.299846
1.00439
0.0435303
1.1459
0.591393
0.890281
1.36089
0.78446
0.853863
1.32335
0.570165
0.94024
0.862311
1.74414
0.284896
1.08214
0.273552
0.104784
1.81113
1.05714
0.487219
1.26839
0.935261
1.22114
0.352738
1.44163
0.711205
1.52069
1.02717
0.31446
0.640282
0.821168
0.492752
2.39651
0.30728
1.92902
0.221473
0.697847
0.537121
2.60213
1.55127
1.77242
2.17233
0.785523
0.452548
1.14111
0.549719
1.74206
0.866858
1.66298
0.462435
1.32689
0.332665
1.32818
1.16818
1.07769
1.40248
0.797423
3.03245
1.76214
0.99067
0.962464
1.25334
0.852954
0.721055
0.99827
0.673855
0.452004
0.286705
0.382751
1.37814
0.326015
0.413387
0.518858
1.06683
0.620735
0.970012
0.475023
2.09937
0.328847
0.711127
1.12062
0.793647
0.473106
0.847405
1.21607
0.841765
0.667371
0.303351
0.428103
0.570893
0.827638
1.83497
1.40902
0.486255
0.473104
2.24619
0.128029
0.489361
0.218476
1.52511
1.63285
0.329458
1.70226
0.840289
0.776379
0.122346
0.701404
1.4714
0.243217
2.22984
1.0863
1.06381
1.25876
2.0807
1.09911
0.217271
1.22229
0.189818
0.349179
1.79447
1.39449
0.57774
1.25867
0.0745261
0.919957
0.599205
0.400084
1.17252
0.162981
2.39516
0.954063
1.88356
2.46221
0.113598
0.329081
0.651526
1.4045
0.265373
0.969154
0.242397
0.211242
0.393976
0.204793
1.47805
1.21819
1.84452
1.73214
0.632958
0.586589
2.03251
0.446379
0.738964
2.0444
0.899339
0.721105
0.492963
1.26576
1.20521
0.888689
1.24239
0.968825
0.70505
0.34465
1.79362
0.937809
0.835945
0.658807
1.10822
0.101424
0.79021
0.206507
0.715846
1.44256
0.582032
0.585516
0.400807
0.490766
1.18102
1.79871
1.25367
0.926099
0.872199
1.57076
0.745924
0.683049
2.34572
0.975217
1.43956
1.1028
0.671885
1.29296
1.38238
1.06564
0.544856
0.692972
2.66926
0.9263
0.977621
0.31941
0.243902
0.25272
0.561939
2.04215
0.951538
0.367213
0.165801
0.758799
0.243081
0.370945
0.316229
1.67399
0.0988195
1.25746
0.976241
0.267989
0.935253
1.31235
0.0256576
2.12576
1.17662
0.359475
1.80955
1.16861
0.960061
1.17431
1.45222
2.22061
0.647175
0.409951
1.41582
1.05703
1.62636
0.350538
0.18128
1.10543
1.52871
1.27661
1.20972
0.138879
1.10492
1.55849
0.66329
1.92166
0.845985
2.19972
0.837663
1.69583
1.33633
0.0395616
1.67154
1.16942
1.09532
0.222691
0.962759
0.0583109
1.07083
2.75746
0.215883
0.288512
0.333749
1.18496
1.96333
0.718679
0.619216
0.226942
0.95237
1.12347
0.671602
6.01468
0.877538
0.217836
1.54318
1.95634
1.41807
3.15841
0.675281
0.354012
0.52308
0.259832
0.114244
2.99547
0.259254
0.409956
0.559798
1.10296
1.66903
0.330302
0.407328
0.329733
1.00098
0.79443
0.858873
0.786789
0.531829
2.1892
0.654072
0.761584
0.28219
0.40842
1.39933
0.991826
1.2744
1.26578
0.458568
0.7423
1.62354
1.2267
1.34774
0.343711
0.496029
0.517358
0.554718
0.344956
0.297552
0.0433586
0.733595
0.753969
0.329448
0.924875
1.70042
1.06125
0.684782
3.35215
0.505023
0.794718
0.659386
0.207997
0.155695
1.32802
1.25836
0.8644
0.388937
0.136153
0.818733
1.39359
1.32237
0.207162
0.446671
0.829628
1.25871
1.88905
0.351196
0.197821
1.22622
0.319856
0.378349
1.7461
1.06715
1.08811
1.46806
1.15116
0.534386
0.400157
0.77712
1.69454
1.0123
0.987309
2.12979
0.761451
0.46921
0.281586
0.0610617
1.09476
1.69977
1.04912
0.546564
0.470553
0.618664
0.62707
1.97967
1.39886
0.710754
0.756211
3.28336
0.997643
1.43239
1.20615
0.265362
2.53618
1.38881
1.04525
0.0700417
0.898604
1.56437
1.64741
0.468689
0.160455
1.47017
2.40177
1.55198
1.13983
1.72562
0.580357
0.865608
0.878559
0.604815
1.63552
2.65227
0.447328
0.829164
2.58155
0.207763
1.28344
1.59114
1.29935
0.426197
1.36071
0.779468
0.621938
0.771518
0.881658
0.693798
1.02707
0.613571
2.01386
0.497957
1.42931
0.149448
1.16667
0.274895
1.17791
0.190127
1.40532
0.115529
0.281831
0.337632
0.426994
1.20281
2.63565
1.31748
0.580632
1.07707
1.6843
1.21505
0.337816
1.00249
0.529791
0.450228
0.466971
0.926276
0.265867
0.134404
0.85324
1.04487
0.205591
0.047928
0.758203
0.670861
1.22008
0.444903
0.692123
3.99541
0.605683
0.266078
0.464438
1.75353
1.07425
0.39037
1.55489
0.835594
0.39138
0.326517
0.54824
0.705705
0.35006
0.901151
2.59762
0.81262
0.547094
0.484894
0.0517858
0.254055
1.98598
0.473162
2.27997
1.17642
0.410959
1.28069
0.416619
0.986337
0.60448
0.243477
1.71715
0.632417
1.06357
1.4902
0.801984
1.19131
0.0759781
0.709218
1.39203
0.244652
2.64307
1.42571
2.31498
0.722053
1.2112
0.18804
1.8105
2.0136
0.850806
1.94642
0.357498
0.755469
2.54907
1.10801
1.47539
0.557481
0.770068
2.32628
1.57378
2.33128
1.21509
1.49274
0.761818
0.258581
1.61924
2.02446
1.67168
0.561613
0.479429
0.443874
1.39049
0.992954
1.40275
1.7951
0.110406
0.052456
0.910282
1.30123
1.42288
0.734352
0.424017
0.766218
0.489014
0.68207
1.1116
0.537561
0.0446045
1.94418
0.968547
0.929388
0.853811
1.41713
1.39544
1.0112
0.762686
0.233146
0.668013
2.02863
2.34981
0.500966
0.144346
0.94303
1.45733
0.859776
0.644559
0.149881
0.23101
0.877556
0.16447
1.56554
0.330555
0.714492
0.296531
0.70373
1.38388
2.35529
0.688245
1.85382
0.870561
0.347714
1.94921
3.09314
0.433143
1.45714
0.634269
1.41103
0.420283
3.26136
0.901768
0.849448
0.322989
0.795931
0.616727
1.21764
0.439934
0.778518
0.999008
0.373962
0.395385
0.388314
1.7526
1.47049
1.12808
1.38498
2.15408
1.65567
1.66237
1.87871
0.688527
0.393011
1.61709
1.16817
0.613607
0.872165
0.327747
0.356954
0.924853
0.973729
1.82671
0.962131
0.113044
0.658528
0.730778
0.72778
0.704905
0.521163
2.25154
0.66252
0.886432
0.55248
1.07633
0.530132
2.29488
1.08259
1.24175
1.29712
0.101146
0.750881
0.805963
2.71706
0.170203
0.417001
0.526677
2.71155
2.72056
1.57239
1.57491
1.69688
0.773958
0.648595
0.54378
0.4572
0.445801
0.656601
1.21035
0.122296
0.533052
0.870899
0.730977
0.578184
0.706171
1.00676
1.23178
0.416455
0.59635
1.85152
0.293541
1.20402
1.75039
1.33149
0.774438
0.706156
0.215817
2.09343
3.26754
0.527669
0.281593
1.02579
1.35457
0.164244
1.69313
1.04553
1.2318
0.394025
1.62192
2.74541
0.868581
0.235879
1.70302
0.716475
1.67381
1.73054
1.83506
1.65186
0.374725
0.200245
1.97947
0.580648
0.628071
0.53939
0.280633
1.00017
0.816543
0.498025
0.259908
0.459829
1.39071
0.578224
0.901542
0.0450724
1.79342
1.01611
0.268473
0.729477
0.595208
1.33199
0.756215
0.681142
0.420666
0.103691
0.514025
1.70395
0.284621
1.39316
1.13352
1.68974
1.65276
0.34975
1.54456
0.789024
1.08937
2.06476
4.6241
0.384152
1.45236
0.0454576
2.50622
0.154053
0.639386
2.15409
0.9197
1.09564
0.777578
2.69211
1.09666
1.62865
1.25452
2.94894
1.22799
1.24897
2.52837
2.19809
0.177518
1.45061
1.29322
0.29319
0.968374
0.742281
1.05073
2.02221
0.560882
0.70076
1.18774
0.24046
1.81637
0.71921
1.08005
3.24571
1.01555
0.536747
1.23952
0.890166
0.0536092
3.43491
1.38852
0.533087
1.07263
1.68781
1.69742
0.628584
1.51046
1.44552
2.43671
1.09025
0.783413
0.677261
0.822505
0.839115
1.29361
0.190666
1.48025
1.36971
2.02906
0.503331
0.572715
0.169881
0.417612
0.941012
1.36313
0.192043
1.22192
1.68266
1.23451
1.78857
0.827147
1.73259
0.472868
0.721092
3.25573
0.348577
0.979563
0.634059
1.03941
0.476528
0.857913
0.135964
3.14343
1.55254
0.334752
0.194899
0.0415602
1.05486
0.560294
1.46725
0.166772
0.310734
1.18391
1.58544
1.84986
0.150634
0.694253
1.58066
0.548677
1.35131
2.48828
1.02216
0.903883
0.570817
0.287521
1.1093
1.90555
3.79247
0.699405
0.94678
0.141572
2.23099
0.643007
0.64507
0.219404
1.5086
1.30789
2.43768
1.08706
1.10589
2.6611
0.42445
0.814398
0.146574
0.817396
2.85155
1.19242
1.05047
0.268501
0.409988
0.241026
0.343438
0.679303
1.19242
0.746664
0.406207
1.31547
1.14974
1.09669
1.13968
0.853175
1.81786
2.652
1.35135
1.14726
0.897998
0.947931
0.146549
0.812294
1.16431
1.40152
0.456012
0.650741
1.3588
2.02713
0.289117
1.35936
2.99667
0.931998
2.3142
3.06988
1.08226
0.615712
0.431243
2.88779
1.7718
0.974868
1.72128
1.61613
1.31551
0.601125
1.0849
0.787558
0.895158
0.397669
0.954753
1.88599
1.12134
1.19678
0.959719
0.225447
2.12184
0.41919
0.19662
0.965121
1.51352
0.408532
0.874065
1.19711
2.42822
1.28009
0.602353
1.08791
0.753886
1.38796
1.60448
1.06549
0.958726
0.369583
1.76778
0.342148
0.528203
0.22332
1.1967
1.05921
0.4849
0.959485
0.85332
0.625964
1.45722
2.41328
0.475442
0.928799
1.33061
0.715424
0.824496
1.50214
1.36289
0.918956
0.782054
0.73174
0.793129
0.360067
1.33276
1.60122
1.05075
1.06002
1.40286
2.97723
1.01715
0.109909
0.325399
0.699345
4.03563
1.00658
1.0464
0.176388
0.284284
1.16095
1.09012
0.755818
0.774266
0.571271
0.538513
4.28694
0.282799
1.68631
0.252778
0.395345
1.13993
0.110416
1.74278
0.143007
1.39255
0.514571
0.85414
1.24365
0.581981
0.342478
0.655645
0.304401
0.871078
0.464334
0.357816
1.37405
1.34349
1.15522
0.76938
0.471745
1.75521
1.81965
3.52614
0.0475661
0.45332
1.56291
1.02096
1.2287
0.294372
0.861752
0.169282
1.81978
0.863332
0.657229
0.334716
0.469656
2.00791
0.492125
1.04976
3.43596
0.364557
1.76131
0.967608
1.68543
1.0154
1.36668
1.09226
1.70955
0.505542
1.19368
0.48706
0.845286
2.22415
0.343379
0.81201
1.2315
0.696023
0.272333
0.899642
1.39036
0.543894
1.24444
1.30989
0.879693
0.815006
2.81614
1.43704
1.23584
0.759177
0.514288
0.948624
2.4046
0.409774
1.12286
0.289685
1.07572
0.61874
1.64701
0.79994
0.499213
0.860696
0.80654
0.448856
1.03142
0.337566
3.3825
0.502045
0.116649
0.777151
1.34776
1.10277
2.05246
2.73931
0.782833
0.803059
0.7172
1.26545
1.11744
0.469979
2.34043
1.02134
0.47791
2.4807
0.174568
0.92268
0.186757
0.223873
0.262652
0.585489
0.814126
0.595025
0.202225
1.58834
0.815649
0.350922
1.53661
2.43519
0.0561306
0.286935
0.856256
1.12281
0.225023
1.04831
0.359739
0.567849
0.914968
0.687037
0.918679
0.444409
1.90104
0.30584
2.1331
0.323883
0.30235
0.449977
0.312348
0.417683
0.457995
0.390601
0.509503
1.3406
0.456529
1.04451
1.24245
0.80346
0.693371
0.573755
0.614405
2.27649
0.616036
1.09446
0.344045
0.597305
0.160444
0.620882
1.05776
0.410025
0.804928
0.170159
0.745905
1.48762
2.47285
0.540436
1.20382
0.438302
2.34557
0.841589
4.02056
0.787446
0.834111
1.10854
1.98036
0.977687
1.21888
0.420135
0.9622
1.05624
1.1996
0.529302
0.52871
0.817995
0.929764
0.705176
1.05541
1.66324
0.569311
0.403645
0.345365
1.05315
1.43728
0.721099
1.4709
0.743568
2.14057
1.10007
0.536269
0.449561
1.86369
0.870102
1.42032
1.22181
1.74725
0.655242
0.88259
1.07486
2.23162
0.471054
0.399105
0.84992
2.61568
0.654749
0.418884
1.21649
0.253232
1.39788
1.01732
2.32998
1.41059
0.563896
1.3431
0.427508
1.68742
0.342089
0.41381
2.19533
2.88519
1.53326
1.69942
0.510337
0.781729
1.22565
1.42218
0.920438
1.11437
0.252974
0.634048
1.72946
0.865944
0.556723
1.22312
0.397876
0.258862
1.3689
1.62362
0.383822
0.189095
0.54407
1.79372
2.59911
0.645248
0.617199
0.613168
1.01591
1.549
0.179528
0.795467
1.40443
0.380993
0.172316
0.345399
0.568346
0.168339
0.397721
1.00256
1.42079
0.337917
2.33668
0.270943
1.15347
1.54
0.313635
1.4825
0.176739
0.476556
0.596055
0.560014
0.57485
1.1813
0.72356
0.919543
0.686064
0.718648
0.121003
0.649907
1.29929
0.923923
1.16134
0.661118
0.093658
0.525336
1.10235
0.813558
1.5979
1.09043
0.54021
1.12945
0.812623
1.02606
1.09037
1.26178
0.80794
2.30071
0.272593
0.439393
0.834904
1.5471
0.529565
1.78822
0.459946
0.733174
0.310218
1.53162
0.761227
3.2364
1.81795
0.882185
0.854726
1.28246
1.22154
1.3632
0.60419
1.14889
1.74065
0.398636
1.29485
1.00302
0.2218
1.1386
0.540793
0.296677
1.5236
0.681298
0.135593
2.64256
0.990232
0.476928
1.04633
1.7778
1.45893
0.760058
0.374429
2.63078
1.02004
1.17972
1.64414
0.39185
0.51229
0.942775
1.42515
0.693399
1.49375
2.04525
0.0854184
1.40131
1.19821
0.529396
0.81797
2.67292
0.78991
1.05475
1.10417
0.219045
0.828528
0.536957
0.621441
1.25136
0.51797
1.48673
0.807883
4.02296
0.864162
3.30637
1.75223
0.707925
0.887289
2.04992
0.70461
1.00362
0.474184
0.688996
1.08387
0.282559
0.494495
1.4521
0.391773
2.66432
0.140491
1.97998
0.0817666
1.49189
2.66132
0.761368
0.475041
1.90393
1.53949
1.56323
0.386088
0.520137
1.16335
1.04168
2.853
0.75615
0.258468
1.14815
0.903774
1.08711
2.19469
2.01932
0.690005
2.18497
1.00393
3.04999
0.73136
2.66153
0.732713
1.23895
0.116933
1.58552
0.363707
0.651216
0.536898
2.77702
1.38901
0.935352
0.133269
0.291641
0.518176
0.273792
0.445761
3.16112
0.304949
0.965871
0.47104
0.521477
0.567321
1.63005
1.09898
1.08633
1.4873
0.292455
1.04684
0.346242
1.71385
0.884812
1.75858
1.00187
0.15359
0.510747
1.07559
2.88865
1.58289
0.26973
0.24474
2.26025
0.7797
2.1276
0.147729
2.25396
1.78693
1.1819
1.04729
1.98253
0.859397
0.409928
0.463291
1.47675
0.536185
1.73231
2.49367
1.24905
1.03163
0.498664
0.563917
2.01068
1.21227
0.151231
0.853772
1.24005
1.89863
1.36683
2.27922
0.894094
0.648221
1.54639
0.803635
1.44474
1.16286
0.828578
1.63817
0.890525
1.2269
0.937707
1.79305
0.544655
0.606247
0.993334
0.233927
0.285695
0.846119
0.540212
2.3402
1.0967
1.43685
1.58323
1.44354
0.645216
1.69734
0.95132
1.06493
1.46551
0.567405
1.39288
1.16678
0.873447
0.158423
0.963802
1.45698
0.180643
0.801247
0.445624
1.10193
0.679023
1.84209
1.19585
1.28278
0.565059
2.50957
1.32606
0.446755
1.89424
0.529403
0.463391
0.809909
1.06558
0.64632
0.383901
0.767455
0.262586
1.49521
0.955222
0.393814
0.581767
0.387328
2.13536
1.33912
0.754107
1.22081
0.389663
2.86167
0.291332
0.437635
0.632088
0.647727
0.15222
0.464297
0.180297
1.00042
0.919639
0.300097
0.350857
0.105839
1.12516
1.77895
1.38426
0.594081
1.77849
0.904846
0.407011
1.45605
1.69945
0.77303
1.12461
0.817594
1.57573
0.735235
1.20942
0.209363
0.733838
0.267721
0.328191
0.28076
1.37608
1.82062
2.41277
0.699388
1.16874
0.787325
0.079108
0.586151
2.17847
0.135277
0.421364
1.43815
2.008
0.566565
0.379521
1.57928
1.26518
1.6095
2.17109
0.685346
0.373462
3.98006
0.605941
0.623015
1.77763
1.3867
1.24964
1.40492
1.41248
0.566866
1.45011
0.45198
1.29088
0.182043
1.41786
2.61484
0.277363
1.53519
0.257398
0.163463
2.16634
0.424662
0.664589
1.00127
0.198254
0.812042
0.841248
0.98002
0.804458
1.55758
0.618769
0.624875
0.394697
0.873768
0.597458
1.76999
0.625395
0.298591
0.377337
0.660562
0.525762
1.51059
0.552567
2.37686
0.627874
0.669514
3.05045
1.03959
1.12192
0.925005
1.98214
0.836551
0.789305
0.748112
0.44717
1.72272
0.374806
0.864576
1.00076
0.605298
0.307092
0.402156
1.65242
1.00082
0.458875
1.52698
0.184925
0.445836
1.52831
0.908505
1.13925
0.541806
0.450446
0.236849
0.543064
0.88933
0.355965
1.46507
1.36669
0.676453
0.741031
0.274926
0.560961
2.51941
0.520165
0.305871
0.558514
1.225
0.403771
0.230028
0.46584
1.5481
0.696954
0.534517
0.0524849
0.58322
0.934945
0.842055
0.435265
1.15128
1.15546
1.73284
1.28221
0.414345
0.508365
0.245141
0.772808
2.50697
1.3312
2.09769
0.47169
2.70267
0.356502
0.966435
1.53218
0.316951
0.8057
1.3215
1.394
0.539983
1.31152
0.5068
1.01647
2.74205
0.204449
0.50292
1.05997
1.79642
0.625018
0.459758
0.515868
2.60926
0.680718
0.668374
0.195148
1.64455
0.930925
1.83208
1.02991
1.39104
0.639986
0.784956
0.0998252
1.90232
0.215068
0.773051
0.32435
0.295808
0.41452
0.243477
0.843638
0.246776
1.45823
0.217823
2.03033
0.966197
0.489944
0.322361
0.0251711
0.711573
0.385864
1.76137
0.551523
0.581581
1.31073
0.419734
1.33598
0.832896
0.245385
1.56312
1.83247
0.315092
1.72782
0.769006
0.727782
0.37206
0.648107
1.08377
1.18338
0.827062
0.978408
1.30594
0.452582
1.4294
0.311259
0.99446
0.438227
0.915512
2.2245
1.06027
0.882597
1.90726
0.943566
1.49251
1.07237
0.789931
1.82619
0.243584
1.02888
0.822846
0.51517
0.11085
1.48517
0.250399
0.52593
0.245705
1.14259
0.559309
1.93509
0.352162
1.28457
0.724536
0.938814
1.17644
0.58545
1.35179
1.15895
0.26741
1.73338
0.882593
1.12397
0.421147
0.392504
0.231928
0.527912
0.724119
1.18676
0.519273
1.44865
1.01862
1.36544
0.582367
1.10724
0.208135
1.18997
0.351341
0.841282
1.30824
0.279118
0.397159
0.825164
0.385595
0.953855
0.141939
0.662012
0.66214
0.823157
1.12654
0.506304
0.950233
1.02919
2.80497
1.23457
0.61897
0.719475
1.15585
1.02171
1.03871
0.512903
1.0628
0.918654
0.250164
0.579979
0.874275
0.392839
1.71375
1.62321
0.31292
0.833059
0.6673
0.904622
0.742832
0.491912
1.65158
0.495226
0.993387
0.388314
1.88336
0.916206
0.914579
0.341397
0.230072
0.337537
0.162535
1.97157
1.58235
0.25022
1.32428
0.895547
0.39779
0.908297
0.621979
1.7181
0.413985
0.559356
0.697659
0.944093
0.416706
0.990001
0.173425
0.5305
2.53404
1.07548
0.959582
0.988865
0.5256
0.27688
0.888162
0.929524
0.735304
0.196517
1.42244
1.43154
1.14341
0.635021
1.73565
0.847499
0.49263
1.37032
3.22578
0.607395
0.412884
1.72672
0.222607
0.469112
0.841995
1.18282
1.03959
1.42635
0.988397
1.77455
0.669905
0.716697
0.490731
1.02787
0.361326
1.78459
2.62159
3.20278
0.468041
0.694789
0.680239
2.21883
0.561987
0.801121
1.04776
0.601381
1.0954
0.378654
0.862339
1.05397
0.233756
0.204345
0.166928
0.626704
0.454509
0.645622
0.907575
0.464605
0.332707
0.272508
1.21048
2.49007
0.426234
0.368044
0.764302
1.67397
1.03419
1.37543
2.0132
0.775574
0.596817
0.238386
0.136205
1.0125
0.874046
0.650671
1.81623
1.07134
0.293354
0.472539
0.200163
0.103322
0.254686
0.857892
0.438525
0.932351
0.627342
0.680714
0.453842
0.949284
2.05435
0.350597
0.690668
1.16953
0.546815
0.208298
0.61098
1.80819
1.18746
0.22367
0.481478
0.416975
1.98911
1.00049
0.386031
1.92593
1.02743
0.143097
1.47328
0.218197
0.18422
0.0944843
0.161595
0.903862
0.173109
2.41458
0.933079
0.688106
1.96023
0.817822
0.744396
0.269908
0.800842
1.37411
0.468197
0.285789
0.685995
4.27505
0.3478
0.924426
1.24522
0.372482
1.22835
0.615454
0.550275
0.649948
0.956449
0.258463
0.661702
1.04897
0.781901
0.975109
1.4457
0.599869
0.659663
0.117889
1.46753
0.963142
1.45828
0.668366
0.823476
0.77947
0.456836
2.27466
0.513647
2.5019
1.43252
0.610692
0.558156
0.304464
1.3331
0.558468
0.94179
0.757846
0.817763
0.358176
0.240963
0.479533
1.12412
2.56409
0.123901
0.551708
1.6076
0.868919
1.97512
0.573382
1.31021
0.493848
1.53812
0.770791
0.281567
1.22038
0.94229
0.0884249
0.873515
0.942368
2.64601
0.948976
0.891177
0.101244
0.340314
1.86737
0.233552
0.423051
0.220442
0.85119
1.04774
1.53453
0.248249
0.0892579
2.43844
0.745419
0.519953
1.49677
1.62478
0.878096
0.434245
0.442071
3.2349
2.97275
0.669234
2.1161
0.920838
2.91959
0.323446
0.346484
2.52178
2.51472
1.16672
0.769146
2.23221
2.08788
0.837556
0.478718
1.44589
0.515076
0.0638001
0.964075
0.515908
0.293324
0.348455
0.748311
1.26866
1.26689
0.454915
0.684195
0.2367
0.326949
0.538076
0.732692
1.36015
1.07709
0.52421
0.675056
0.855862
0.621162
1.89776
0.737605
1.17076
0.294127
1.44504
2.25512
1.72597
0.816353
0.459985
0.354803
0.448563
0.247423
1.62313
1.69595
0.718942
0.638676
1.20931
0.259729
0.436237
0.565005
0.193115
0.889781
0.711346
0.926681
1.82275
1.64619
0.187179
0.868827
2.52686
0.120942
1.62039
1.32424
0.500828
0.121652
2.32914
0.481844
0.164058
1.93861
0.790207
0.322358
0.31461
0.460332
0.8458
0.995319
0.366775
0.806898
0.84865
0.0168083
0.332027
1.28944
0.984514
0.28148
2.54989
2.7621
0.451801
0.286444
0.547171
0.370043
0.284368
0.976134
1.12728
0.490047
1.63227
0.486478
0.42275
1.14084
0.988564
0.417897
0.524322
0.582923
0.429967
0.815525
1.3539
1.16497
1.97632
0.973249
1.74774
0.31018
0.919387
0.272286
1.10866
0.661638
0.108474
1.46751
0.766516
0.512713
0.620616
0.719928
1.27376
0.0513136
1.8091
1.00072
0.709519
1.2829
0.90153
1.04431
0.617898
0.402963
0.403185
0.884697
1.86968
2.66647
1.03829
1.57527
0.0865073
1.06098
1.56859
0.501514
1.77389
0.521919
0.528578
0.159757
1.83304
0.987946
0.197946
3.056
0.739651
1.07818
1.22182
0.501691
2.07815
0.622139
1.51583
0.595709
0.417041
2.24031
0.91576
0.836048
0.45473
0.879987
1.05692
0.488338
1.38797
0.704162
0.825779
0.999686
0.998056
1.0324
0.322642
1.29248
1.18559
0.662305
0.362051
0.859877
0.38713
0.800156
1.96494
0.26084
0.720706
0.654901
0.836084
1.71998
0.653389
1.08139
1.19119
1.1889
0.287875
0.11667
1.10994
0.914272
0.320354
0.916044
0.527336
0.647168
1.20868
1.66135
0.48167
0.845317
1.64107
0.284556
0.985513
0.0895054
1.51201
0.437812
0.689269
1.28788
0.268143
0.280586
0.975727
0.188782
1.33129
0.961993
0.948867
0.351431
0.427467
1.1302
0.403359
0.517257
1.1677
0.645587
1.91978
3.66323
0.417622
0.802557
0.475222
1.83162
0.779857
1.02085
0.920281
1.7575
0.992502
1.68922
0.154408
0.74704
0.34767
0.46284
0.564908
0.158436
1.73432
2.20585
0.836935
1.80129
1.25884
0.865529
0.548363
0.529894
1.02236
0.385733
0.532998
0.296419
0.203243
0.996248
0.288578
1.79739
0.0820253
0.348019
0.803273
1.12518
0.500957
0.529133
1.38373
1.05701
1.36792
0.436372
0.4107
1.96937
0.462746
0.235777
1.13258
1.46234
2.8686
0.710258
1.11766
0.78814
0.128426
0.411545
1.24733
0.886074
2.06384
1.25743
0.8768
0.406422
0.0905836
0.314714
1.04513
0.980993
0.29221
1.83937
2.25225
2.38841
0.711143
1.22089
2.25868
0.503358
2.10472
0.751704
3.27958
2.03096
1.0143
0.0362408
0.314253
1.48625
1.55121
0.520948
0.126953
0.739515
1.14281
1.08271
1.57457
0.725354
3.01059
2.79357
0.239654
0.317491
1.57443
1.64872
2.58679
1.1624
0.218982
0.500642
0.920089
0.901749
0.865074
0.660495
0.372234
1.07834
0.271457
2.74092
0.582432
0.660193
1.68734
1.49149
1.15727
1.76283
0.73706
0.227035
0.741564
1.85606
0.629194
0.52388
0.358581
0.320595
1.82904
0.154087
2.17183
2.77352
0.671562
0.937392
0.265238
1.90959
0.676285
0.478835
0.45585
0.899841
0.884941
1.28815
0.80629
1.19649
1.21702
0.96248
2.38843
1.10805
0.409741
1.19008
2.64916
0.637285
0.886087
0.498886
2.35169
0.51445
0.352936
0.913838
1.65234
1.67881
1.3091
0.0741176
0.422963
0.678559
0.850226
0.422172
0.136155
0.733614
0.626712
0.130677
1.79396
2.07045
1.38929
0.542416
1.81773
1.22982
0.494126
0.230249
0.0532773
0.275967
2.44323
0.611194
0.826136
0.562637
0.599615
0.143329
0.0619665
0.326836
0.422271
0.786605
0.215313
1.22657
0.708182
1.64937
0.366095
1.55263
0.823674
1.94137
0.174151
1.22679
0.961771
0.288484
0.114372
0.200315
0.559711
1.26834
0.31914
1.92382
0.186124
1.38437
1.26299
1.03154
0.748949
1.37324
0.39097
0.428886
0.0753946
0.147321
0.267269
1.15354
0.175354
0.745778
0.346498
1.12189
2.11117
0.585071
1.13512
2.19525
0.447727
1.25336
1.12049
0.933362
0.288697
3.83667
1.00969
0.493006
0.773051
0.0632373
0.511108
0.583436
1.33193
0.877766
1.89948
0.437218
0.553219
0.778303
0.965921
0.232188
0.790745
1.30912
0.437142
3.27123
1.10402
0.0265344
0.78022
1.15133
1.73044
2.82489
2.57062
2.73968
1.40295
1.67937
0.380772
1.30199
0.236273
0.334415
0.473685
0.85311
0.743283
2.24417
0.117835
0.173593
0.341453
0.823614
0.62236
0.814374
1.39165
0.172586
1.21177
1.22565
0.357565
0.600286
0.0550429
0.739935
0.465798
1.00754
0.931915
0.406065
0.591762
0.377291
1.09029
0.707503
0.743453
0.0580581
0.731567
0.328458
1.31825
1.52012
1.3585
1.55489
1.19293
0.244462
1.004
1.76901
0.756555
1.66771
1.25688
0.268015
0.426012
1.2089
1.886
1.2985
1.16865
0.331783
0.615835
0.634121
2.61719
0.402317
1.32679
1.04274
0.559947
0.597346
0.794185
0.811472
1.26134
0.266504
0.706144
0.513317
0.314241
0.191871
0.487548
0.250963
0.840796
0.868616
2.89844
0.997978
0.716346
0.643519
1.19241
1.03048
0.114773
0.617769
0.572365
0.146299
1.24321
0.434048
2.0226
0.93077
3.97327
0.754302
1.06337
2.00957
0.0147158
2.16872
2.58868
0.434897
1.52018
0.518195
0.658682
0.100202
1.24821
1.59127
0.416868
0.432331
0.302506
0.491213
0.219022
1.16798
1.10496
0.353189
1.04677
0.677283
1.96859
0.263427
1.29862
1.7837
0.229541
1.40717
0.488983
0.774135
0.720591
0.750973
0.664347
0.427527
0.724773
0.412784
1.57119
0.613388
0.73781
2.06421
0.18569
0.444949
0.983976
0.442961
0.241448
0.0630464
0.36751
0.0465227
1.87804
1.63202
1.14241
0.486609
1.02814
0.678192
1.6952
0.604978
0.784332
0.78396
0.636232
1.64702
0.621406
0.297227
1.09148
0.587846
1.58586
4.12608
0.705481
2.822
0.454727
1.35756
0.461074
0.170658
0.752093
0.275942
0.271525
0.478342
1.57958
1.69392
0.567937
1.28277
0.549238
0.0940137
1.42035
0.619752
0.5656
0.235935
0.244226
0.127263
3.01176
0.184768
1.5032
3.41034
1.27763
1.1455
1.50802
2.93911
1.45759
0.624893
0.727534
2.30126
1.68361
1.72519
1.12427
0.0567497
0.654918
1.88827
1.1858
0.766978
0.464453
0.729236
0.418497
2.73303
1.55918
0.609511
0.485331
1.59276
0.782944
0.461289
1.50979
1.31738
1.02702
1.06932
0.397572
0.67416
1.98554
1.50291
0.277068
2.11435
2.64673
0.492222
2.62113
1.32468
1.29097
1.65402
1.24007
3.41203
0.423672
0.353472
0.185255
0.229573
0.571066
0.809758
1.40853
1.27534
1.79212
2.27624
0.911803
0.365447
2.15728
1.41172
0.668042
0.713751
0.287406
1.21069
0.241313
0.740573
0.205801
0.324021
0.692846
1.34452
0.385761
0.678787
0.578706
2.34423
0.184794
0.0774353
0.878764
0.961203
0.860321
0.684103
1.01735
0.921444
0.438904
0.2902
1.02301
1.71719
1.67188
1.23346
0.576267
0.884222
2.34183
1.01105
1.01233
0.778348
0.679441
0.0205767
0.517902
2.16185
0.357805
1.40724
1.42871
1.27314
1.03589
1.42974
0.140623
0.171956
0.50881
0.527875
3.09697
0.024971
0.352225
2.04022
1.03311
1.50077
0.435787
0.721305
1.00626
0.625188
0.396512
0.928227
1.72001
1.0461
0.882276
0.459255
0.191497
2.64305
1.19399
0.663041
0.107139
0.829896
1.35519
0.640517
0.512984
0.837356
0.377336
2.05925
1.45047
0.299254
2.05187
1.27679
1.03623
1.70467
0.148436
2.21798
0.422163
0.777984
0.719624
0.735256
1.01291
0.638234
0.104568
1.45489
0.267369
0.955529
0.170061
0.983383
0.481904
0.441563
0.976398
1.474
0.633962
1.02625
0.946748
1.24329
1.85054
0.378697
1.07301
2.54831
0.39523
1.28212
1.12922
2.45567
1.0212
0.327839
1.32673
0.126155
1.92764
0.151546
0.873008
0.611182
0.0706896
0.721158
0.591326
1.11434
0.30669
2.10125
1.58371
0.553234
1.733
0.438043
0.245619
0.65276
0.363448
1.08608
0.41145
0.77789
0.387773
0.955825
0.714078
1.07496
0.972797
0.916197
1.28453
0.537402
1.08984
0.387521
2.33174
0.766147
1.37904
0.494034
0.117203
2.70559
1.35487
2.20545
2.74908
1.2127
0.291816
0.631948
1.61863
0.674475
0.151894
0.472575
1.61068
1.65269
0.552669
1.02241
2.06999
0.917613
1.49916
0.34941
0.632097
0.975225
0.474459
0.833051
1.39306
0.317909
0.778869
1.07088
0.935915
0.61131
1.72546
0.625878
1.34038
0.61397
2.1542
1.50077
3.3194
0.724921
1.1526
0.322002
0.910902
1.03762
0.508726
0.288624
1.72223
1.87726
1.04072
1.3674
2.44793
0.705867
0.488008
0.896055
1.04961
2.97027
0.44672
1.15612
1.0428
0.581516
0.311485
1.03975
1.07579
0.95452
0.782219
0.833298
0.976324
0.840057
1.12585
0.832161
0.152664
0.912198
2.81505
1.19922
1.34201
1.13706
1.08476
0.759976
0.392704
0.662004
0.939553
0.66182
0.956469
0.892276
1.18031
0.714884
0.935278
1.11898
0.692259
1.24677
0.94488
0.863011
0.596336
1.07052
4.39992
0.0987992
0.0638354
0.725727
0.802253
0.657352
0.168036
0.684154
0.581955
0.561518
0.887478
2.49163
0.848803
2.28095
0.688863
0.36897
1.16551
0.771342
0.977734
0.251732
0.677511
1.34446
1.23465
0.835352
1.71748
1.30452
1.05352
1.35985
1.42064
1.00285
0.444958
0.439764
0.670625
1.65304
0.350964
0.96779
1.27101
1.3424
1.15904
0.913922
2.44729
0.585546
0.49716
1.3428
0.542015
1.82528
0.550923
1.31764
0.716429
0.284435
0.851969
1.08893
0.246061
0.417123
1.32485
0.560623
1.5546
3.41095
0.42359
0.248283
0.561746
0.118152
1.94568
0.488425
1.37888
1.68691
0.223567
2.08471
1.21784
0.11714
0.449699
1.43822
0.357888
0.113668
0.132663
1.87087
0.925308
1.04561
0.590506
0.45661
0.708704
0.588219
0.524177
0.735907
0.772506
0.424984
3.47073
1.75269
0.318411
0.828521
1.20858
0.168856
0.289828
0.848289
1.02988
0.430852
1.64612
1.00126
0.986881
0.326625
0.696452
1.24717
0.640786
0.416843
1.52189
0.629714
0.0104634
0.469284
2.09204
1.16935
2.46566
1.67779
0.334249
0.4451
1.53212
0.152252
0.10903
0.748295
0.461211
0.440874
0.939053
0.0955156
1.26108
1.39181
2.75068
0.260051
0.945826
0.980124
0.422822
2.40743
0.692088
0.362418
0.545173
0.315458
0.972118
1.09471
1.32571
1.11085
0.913409
0.780063
0.667794
0.283655
1.01429
1.76957
0.998294
1.45675
1.10537
1.44757
1.77941
0.389497
0.436093
0.925053
0.41674
0.762759
1.26808
0.516335
1.11869
1.46575
0.257996
0.703263
0.365861
0.511129
0.778237
0.701991
3.21187
2.30344
1.75374
1.60709
0.228816
1.31319
1.27072
0.245412
0.372817
1.51044
1.8145
1.17305
1.8385
1.28695
0.684849
0.460921
1.71972
1.32481
2.31916
0.204855
0.617843
1.21057
0.794354
0.792231
0.958847
0.308265
1.02127
0.449376
0.819899
0.48413
1.32264
0.526286
2.91619
0.593258
0.0425422
1.29288
0.78086
0.860342
0.680204
3.25717
1.21417
0.231813
0.611155
0.396374
2.26509
0.40707
0.0363856
0.271796
0.680276
0.092666
0.841426
1.74469
1.18216
0.521174
1.42123
1.23013
0.792917
0.751702
0.352684
1.89818
0.6915
2.12135
0.967672
2.33797
0.664473
1.45692
2.20613
1.37289
1.33672
2.43825
2.23755
2.37567
0.427665
0.536708
0.571814
1.63653
1.64243
1.59196
0.516802
0.477398
1.31216
1.28261
0.807278
0.745099
0.353709
0.721495
1.57795
0.660134
2.73843
0.744761
0.552075
2.58852
0.524659
0.256158
0.386543
0.880154
0.889515
0.240844
1.18787
0.37182
2.0079
1.06855
0.76959
0.288262
0.196107
1.17983
1.45697
0.8945
1.80043
1.68478
0.850944
1.96759
0.00167599
1.52754
3.43946
0.414066
0.886617
0.293814
1.3046
1.22679
1.57387
0.227993
1.85827
0.678245
2.01883
1.27299
1.09864
2.0434
0.687955
0.894985
0.275462
0.475424
0.870459
1.70768
0.168921
0.265041
0.498367
1.04971
0.600929
0.841152
0.972268
0.19887
0.783061
2.4448
0.0817459
0.79016
1.43194
1.30769
0.548221
1.173
2.7977
1.04316
1.10981
0.494116
1.92259
0.523976
0.745073
1.42209
0.163138
0.747685
1.12484
2.52924
0.704816
1.2416
1.68439
3.11251
0.248005
1.35031
1.76903
0.827193
0.909591
1.54218
1.125
0.346611
0.101881
1.38168
1.60861
1.63585
0.249848
0.51821
0.661697
0.731248
0.273865
1.52392
0.837834
1.59919
0.682575
0.566307
0.526135
0.629372
0.220315
0.0199896
0.344105
1.03586
0.381909
0.659166
1.88612
0.0570977
1.67028
1.03136
2.55178
2.6624
0.276239
1.39323
0.174116
0.164279
1.38268
1.00257
1.22679
0.360851
0.372696
0.470874
1.41289
1.24101
1.2145
1.27437
0.0937537
0.393122
1.20985
2.66217
0.965452
0.756733
3.89185
0.714418
0.293181
1.70387
0.0461641
0.707471
0.321484
0.517398
1.86599
1.08117
1.52216
1.89397
0.397159
0.860505
0.678139
2.0804
0.0477556
1.1984
3.19778
0.710617
1.09919
0.962021
0.251209
0.410722
1.08966
0.256961
1.70289
1.10895
1.79565
0.960812
0.450899
2.0248
0.516363
1.29629
0.607073
1.58585
1.74742
0.963697
1.41845
1.25402
1.58185
0.619274
0.884107
0.668053
1.6674
0.409696
0.986911
3.3803
1.14996
0.790437
1.4231
0.657802
0.349257
0.949281
0.323634
1.6036
0.141326
2.23197
0.427406
1.27071
0.282704
1.50608
1.6559
1.56984
1.70704
1.24427
1.5659
0.747739
0.106372
0.982612
0.772703
0.795835
0.296662
0.785341
1.16065
0.660636
1.27465
0.255761
0.376632
0.473706
0.416822
0.713788
0.0744442
3.37697
0.46163
0.642744
0.227976
0.927395
0.434641
0.678182
2.42206
0.612097
1.56906
0.788589
0.268148
1.04884
0.835965
1.54741
0.842365
0.360131
0.0505451
1.25479
0.323431
0.629776
1.09178
0.198669
0.458378
0.284214
0.244055
0.833476
0.721006
0.348525
1.47379
0.49314
1.44936
1.24329
0.065202
0.232611
2.27393
0.833066
2.03378
1.07222
2.23849
0.543421
3.04693
0.260734
0.49861
1.66851
0.69296
0.154509
2.77484
0.582864
0.48538
0.809519
0.803682
1.38501
1.63179
1.01079
2.70209
0.557362
0.631115
0.889338
0.64851
0.545415
1.21556
1.32783
0.399338
0.889468
0.210714
0.521292
0.526168
1.28768
0.784902
0.742955
0.464106
0.279152
2.44009
2.23956
0.922306
0.6296
1.38304
0.522176
1.03064
0.273612
1.45485
0.768705
0.155779
2.94175
1.3756
0.19546
0.4912
0.854474
2.10341
1.15294
1.76734
0.781548
0.816014
1.49283
1.62279
2.67163
0.698405
1.55863
0.784241
2.66259
0.305633
0.796686
0.864159
0.772586
0.531301
0.158644
0.942041
0.395042
1.20184
0.851131
1.72035
1.15788
1.73882
1.4899
2.15751
1.27409
0.652032
0.566808
0.264611
0.782986
0.55433
1.25058
0.547394
1.60825
0.50111
1.77599
0.293774
0.208167
0.708121
0.694271
0.615538
0.814208
0.705742
2.60386
1.53554
0.780309
0.232587
2.65183
0.578821
2.78022
0.606419
1.92115
2.31242
2.37098
2.29915
1.46552
0.952195
2.10115
0.270117
0.299412
1.34781
0.896547
0.171276
0.259115
0.574299
1.14296
0.72292
0.548223
0.889496
0.704941
0.852392
2.15931
0.0599929
0.110233
0.295034
0.57824
0.873448
4.08241
0.268704
0.429502
0.727564
0.782997
0.657539
0.410381
0.701515
0.984697
0.354757
0.552464
0.537621
0.546912
2.4807
1.69248
0.460942
3.03937
0.482231
0.392587
1.10412
0.256935
2.04295
0.43057
0.552288
0.931831
2.3653
0.636965
1.00311
0.974847
0.285078
0.362922
0.95752
0.337079
0.0917197
0.492315
0.254633
2.83607
2.37128
1.10216
1.03089
1.32975
1.38225
1.91846
0.291686
0.316099
1.29502
0.741111
0.898397
0.445035
2.26521
1.29699
0.0623527
1.26038
0.259292
3.18923
0.915291
0.788579
0.927353
0.932154
0.671869
1.12352
0.826955
1.44688
0.711372
1.01764
1.3263
0.159565
0.110208
1.13631
2.5351
1.03361
1.65041
0.424838
0.0886054
0.359575
0.685179
0.315406
0.374329
0.125603
0.279234
0.943218
0.265199
1.26295
0.566909
1.88727
0.251108
0.686445
2.31686
0.963543
0.486915
0.558491
0.0870679
1.18152
2.28792
1.09729
0.428584
0.298927
1.31848
0.538057
0.463377
0.597972
0.178676
1.44653
0.280193
0.562445
0.924005
0.661036
1.19367
1.01609
0.803729
0.293696
0.997259
0.760924
2.51124
0.503273
0.728018
0.495095
0.840538
2.47964
0.946502
0.38603
1.04611
0.568018
1.81635
0.58996
0.804957
1.40555
2.57921
1.03806
0.595262
0.684677
1.42209
0.923043
1.41585
1.08397
0.179739
0.335148
0.683917
1.44292
1.73145
1.7689
1.93799
0.261283
0.649429
0.720575
0.171814
0.345234
0.936112
1.30339
0.29105
1.14609
0.435283
0.100917
0.28143
1.83816
2.75695
1.14266
1.2928
1.76776
0.989637
3.1539
1.00145
0.809939
1.11097
1.61843
0.311815
1.60071
0.265439
1.39487
1.09364
0.910286
1.02327
0.663008
1.77233
0.423486
0.418595
1.37406
1.1281
1.71819
1.25274
0.0849703
3.87435
0.394408
0.639035
1.20141
1.8148
0.558923
1.49605
1.82721
2.30918
0.663421
0.847703
1.26363
1.38218
0.769921
2.39797
0.282511
0.565028
1.5355
1.03596
2.14088
0.969317
2.39834
1.68464
1.01539
2.59863
0.186801
0.275538
2.75418
2.32374
1.18428
0.485548
0.457359
1.4538
1.18262
0.377485
0.449495
0.598681
0.444632
1.92947
0.506345
1.8843
2.88466
1.00303
0.988489
0.445351
1.20257
0.4657
2.23614
1.37902
1.10377
0.450668
0.509841
1.47685
1.48092
2.59546
0.287023
1.03847
0.169774
2.39634
0.359526
0.61368
0.224921
0.622528
1.57944
1.04858
0.684415
0.27899
1.19538
1.61159
1.28252
1.85785
0.623243
0.645371
2.49402
0.545745
1.14143
0.315076
1.71765
1.28955
1.06278
0.191129
0.114511
0.298117
0.322556
0.302615
0.951894
1.18415
0.609452
0.789785
0.129634
1.25422
0.402008
1.56333
1.67176
1.24114
2.76456
0.265213
1.47713
1.86023
0.0775746
2.19668
1.1226
0.655339
1.79446
1.90099
0.794373
1.41111
1.15215
0.755872
0.295925
0.879522
0.276011
0.298619
0.389637
1.24325
0.916321
0.305377
0.64979
1.28444
0.55458
0.994231
1.83735
1.87815
1.44636
0.566732
0.991632
0.293374
0.524328
0.722593
0.372076
1.68271
1.99435
0.92603
1.64441
0.730024
0.762099
0.96719
1.13834
0.86419
1.38986
0.38025
0.903703
0.366853
1.58766
0.701344
2.27621
0.424997
1.47552
2.09084
0.249707
0.471245
0.917533
0.113568
0.326437
3.68493
1.6273
0.413371
1.52237
0.703315
0.383345
1.29719
1.14749
2.2287
0.477709
0.460692
0.646155
1.36191
1.23121
0.344274
1.15119
2.53962
0.648458
0.669449
1.09599
0.1921
0.252659
0.924777
0.638006
0.834364
0.866975
0.347666
1.07218
0.569538
1.67461
0.506292
1.18173
0.701882
0.344047
0.29448
0.881882
0.232602
1.62037
1.25694
1.83901
1.3793
1.35529
0.776772
0.591448
1.84738
1.97687
2.21021
3.73181
2.37804
2.15274
1.65866
0.148491
1.22619
0.341646
1.17095
0.589369
0.488146
0.847792
1.31529
0.378665
0.810326
0.178824
0.247793
0.189429
0.647008
0.25249
0.717971
1.65609
0.5932
0.76088
0.702476
1.47057
1.53424
1.29106
1.5108
0.302136
0.889017
0.399772
1.43492
1.47872
0.531321
0.499678
0.523544
0.418203
0.684474
2.3647
0.758364
1.40615
1.53611
0.614916
1.32521
1.34933
0.730756
1.59671
0.668401
0.56588
0.429358
1.30998
0.578721
0.697496
0.373382
0.340926
0.326353
0.709102
1.06222
2.30575
0.844852
0.322899
0.924558
1.41274
1.04021
1.02816
0.957332
0.979015
3.06572
0.212685
1.33967
0.250537
1.01318
0.390339
0.136002
0.633869
1.82364
0.9055
0.414933
0.358406
0.768495
0.177402
1.83807
0.317158
0.262503
1.8567
1.16486
2.14204
0.781628
0.863744
0.940601
1.85599
0.748371
1.21125
1.06587
0.273277
1.31397
0.559219
0.59042
0.977996
1.03418
0.138406
0.363814
0.475454
2.13538
2.58547
0.594899
1.27787
0.453209
0.448554
1.92022
1.58052
0.80253
2.47199
0.606443
0.766932
0.449448
0.256409
1.90575
1.09338
0.501203
0.507024
0.685255
0.615738
1.55669
0.382121
0.249588
1.11538
1.05726
0.93607
1.26618
0.385065
1.23534
0.603198
1.05858
0.697233
0.762587
1.15087
3.36552
0.886746
0.352362
1.87783
0.938054
0.109021
0.72413
1.19797
0.87655
1.12024
1.05584
0.73697
1.41533
0.861814
0.1382
0.0925796
0.352281
1.20693
1.01384
1.73996
1.62034
0.705001
0.588571
1.72388
1.40116
1.05204
0.744246
2.8802
1.0196
1.66432
1.61442
0.36541
0.232652
0.664789
0.637266
0.608396
2.37727
0.659286
0.853366
2.47074
0.274932
1.35419
1.4324
1.10106
1.08762
0.438301
0.139396
0.53735
0.729467
1.17643
2.3632
0.962513
0.705672
0.866623
0.0982618
2.67407
0.628889
0.846944
0.344746
0.330682
1.4524
0.273795
0.506393
0.799978
1.11018
0.93321
0.763436
1.32208
0.12367
1.52401
0.0699536
1.00906
1.41113
0.711445
1.27646
0.252057
1.59772
1.65524
1.35414
0.213046
0.644456
0.643068
2.76548
1.23737
0.776343
2.80725
1.21769
0.277735
0.996432
0.638339
0.191021
0.362013
1.78395
0.692957
1.47428
0.756577
1.09251
0.291875
1.30681
0.506995
0.628709
1.19273
0.513998
0.767132
0.0969466
3.75728
2.01472
0.871443
1.64682
1.25062
1.34346
0.696138
1.06005
1.08773
0.976263
1.04838
1.36675
1.51056
0.832644
0.602389
0.272795
0.371221
0.935133
0.716235
1.24491
0.667215
0.258651
2.56854
2.04368
1.532
0.237178
0.705235
2.05418
0.760638
0.902431
2.16983
0.367921
0.23631
1.09267
1.19739
0.813395
0.576986
1.41233
0.875523
0.647108
2.19294
1.11468
0.766456
0.807902
0.433912
0.337517
0.84842
0.991713
0.687375
0.795368
0.397547
0.126984
2.36057
0.223778
0.738551
0.23655
1.29561
0.0911521
0.257166
0.256993
0.578365
0.885768
0.612118
0.934507
0.465208
1.84739
0.410926
1.18349
1.14363
0.317436
0.989787
0.980335
0.639131
0.434256
0.454123
2.71557
0.367771
0.205321
0.07112
1.97193
1.55914
0.437384
1.14824
0.322334
1.16764
1.13357
0.41447
0.58954
1.72617
2.19521
0.503465
0.798222
0.794681
0.637041
1.1377
0.867676
0.720212
0.960046
1.38097
0.868833
1.13207
0.624286
0.400455
1.29396
0.966234
0.598727
1.52679
3.29598
0.908334
1.00318
0.804019
0.626821
0.241424
0.510738
0.301772
0.677312
0.526066
0.868327
0.440213
0.304053
0.490921
0.48651
0.544518
0.819884
2.03944
0.231345
0.814401
1.26354
2.5444
2.27937
0.558197
0.426923
0.739358
1.04196
0.968082
4.46919
1.61595
0.453373
0.554948
1.3297
0.110074
0.582264
0.474524
0.197188
0.787618
0.36187
0.245915
0.206518
0.736778
1.20966
0.166511
0.651133
0.833386
1.25401
0.599961
2.16755
1.72782
1.91338
0.283496
0.808396
0.339195
2.28295
0.197135
0.985425
0.196541
1.52296
0.560176
0.841037
1.42628
1.74064
1.61039
1.10037
5.77899
1.12581
1.62088
1.20881
1.21315
0.473958
0.0383801
0.558534
0.319956
0.663469
0.282583
0.413086
1.05502
2.4765
0.573561
0.290419
0.707762
0.954795
0.33528
0.906024
1.12476
0.316905
0.432634
2.96002
0.825722
1.4984
0.896799
0.434935
0.662113
0.735961
0.50949
0.605587
1.30154
1.37713
0.330222
2.045
1.24402
1.28599
0.901646
1.21211
1.26898
1.65913
0.738691
2.48702
0.583524
0.629514
0.586412
1.88031
3.06237
0.447535
0.276003
1.83718
2.75014
0.181478
0.637335
0.385883
0.840201
0.333468
0.998653
1.19955
2.17779
0.600676
0.267928
0.978397
0.269621
0.601674
0.984317
1.68013
0.786073
2.53756
1.29093
1.68159
1.57654
0.368203
0.702023
1.03303
1.45376
1.16421
0.848553
0.444935
0.752005
0.426465
0.267367
2.01018
1.49969
1.7248
1.14747
0.319579
1.09822
1.62209
1.04461
0.45855
0.228491
0.214327
1.20693
1.55123
1.21549
0.357373
0.902541
0.068648
2.07436
1.10819
0.0991636
0.59917
0.581694
0.174836
1.10439
0.345146
1.62029
1.15212
0.206833
0.674058
0.58801
0.348984
3.41278
1.01447
0.794329
1.10741
0.814268
1.22492
0.0126469
0.97171
1.40831
0.683734
0.21662
0.819834
2.05367
0.448655
1.0877
0.803133
0.819258
0.891255
0.418489
0.546014
0.0958816
0.738526
0.494211
0.421123
0.0612781
0.320969
0.221732
0.953463
2.14711
0.876984
1.01065
2.6069
1.35821
4.2243
0.746248
0.793186
0.269232
0.243379
1.21585
0.143211
0.767956
1.37247
1.07513
1.21295
1.25994
1.41873
0.705733
0.124671
0.482145
0.345892
1.13091
1.57453
0.415359
2.61358
2.93784
2.07677
1.19957
0.468058
0.194155
0.739007
0.410229
0.165492
0.503441
0.824863
1.35015
1.5924
0.440656
0.614004
0.762675
0.517088
2.14203
2.26377
4.55496
0.822532
1.31519
1.46144
1.63707
2.3501
0.503074
1.6144
0.24539
0.578754
0.195412
1.20671
1.00014
0.721471
0.344424
0.345842
1.74756
0.678641
0.470077
0.51436
1.43114
1.26708
0.651224
1.82835
1.09095
0.935771
1.302
0.346263
2.44608
2.05747
0.685451
0.140094
0.555239
1.68135
0.506641
1.8595
1.34874
0.371984
0.400692
0.900655
0.364802
1.18637
1.51784
0.856579
0.784178
0.0968719
0.410347
0.405469
0.232129
0.611727
1.12057
3.71401
0.186572
0.635282
0.114891
0.960871
0.773924
0.813088
2.07823
0.222819
2.08622
0.944257
1.33805
0.228935
0.599282
0.990364
0.446193
2.59713
0.872635
1.4542
0.661063
0.549712
0.417722
0.479675
0.316672
0.685557
0.581636
1.55294
1.16758
1.12847
0.99964
1.18661
0.628194
0.718991
1.41002
0.334735
1.08817
0.905205
1.09996
1.14924
1.5455
1.14969
1.24555
0.843511
1.24587
0.593761
0.247075
1.00372
1.25559
0.839337
1.67622
1.78064
0.62714
2.34576
0.909169
1.69248
2.11582
0.910012
1.73068
1.60475
1.71136
1.40833
1.46052
0.169088
0.720615
1.25778
0.261885
2.02934
0.845553
0.816168
0.750499
1.03283
1.02941
0.261077
0.634885
0.550568
0.605677
0.905314
0.767998
0.483176
1.20666
0.24023
0.358324
2.20508
1.30404
0.73884
1.00774
1.78708
0.610536
2.24489
0.648167
0.749198
0.610167
0.48773
0.826556
0.61084
3.37436
0.580716
1.79591
1.75191
0.613256
0.454127
1.49025
1.42764
1.85998
0.910927
1.15662
0.90108
1.13557
0.198475
2.06645
0.320392
2.50539
0.0711468
1.12063
1.25156
0.638781
0.370148
0.667333
1.21991
0.476638
0.373814
0.956453
0.933908
0.369253
0.785042
0.370094
1.93444
0.609429
0.259526
2.7073
0.412497
0.0489558
0.38714
0.584848
0.810372
0.338059
1.41613
3.98499
1.00705
0.350385
0.358546
1.60772
1.60016
0.534243
2.1194
1.79738
0.270661
0.655652
1.86096
0.436937
0.783688
0.691515
0.863935
2.11277
2.244
0.0337161
0.459003
2.83168
0.391446
2.27483
0.494318
1.03369
0.364511
0.269662
1.27131
0.663546
1.91202
1.5827
1.05257
1.49299
0.917204
0.583555
0.472205
2.70056
1.33754
1.54786
1.08497
0.255911
1.32504
0.657539
1.38405
0.798209
0.513753
1.1658
0.881364
1.68116
1.01856
0.600533
2.97907
0.908849
0.873749
0.260772
1.11265
0.942497
1.68352
1.1502
0.728436
0.593465
0.399965
2.24655
0.240353
0.348569
0.807203
1.05743
0.545535
0.765165
1.61255
1.39605
2.51111
1.49112
1.80127
0.237759
1.72911
0.468708
0.900694
0.729175
1.05563
0.385113
2.97228
0.804312
0.209213
0.634754
1.10658
0.35782
1.90509
1.61074
0.456177
0.673984
1.08218
0.996579
0.227872
2.34125
1.32614
1.56046
1.51059
0.328027
0.48702
0.55734
1.25816
2.44429
1.36566
0.30415
0.274226
0.305552
0.558207
0.851904
0.539657
2.48161
1.53787
2.41915
0.862697
1.06925
0.234999
1.84154
0.360979
0.797626
1.28135
0.340622
0.932146
0.2174
2.12253
2.04869
1.96541
1.29981
1.27784
1.55263
2.1237
1.05258
1.14492
0.443629
0.8639
1.14003
1.58331
0.885092
0.492959
1.51726
1.91752
1.44424
0.896593
1.87261
0.301493
1.48129
0.338804
0.0671287
0.41675
0.316015
0.461547
0.870969
0.458008
1.14336
0.697617
1.42201
1.30471
1.01955
0.533522
0.649268
0.64594
1.71203
1.11388
0.479234
0.550386
1.08478
1.1974
0.255277
0.186382
1.05517
0.866063
1.6083
1.97309
1.31682
0.816629
1.27676
1.26945
1.08455
0.8703
1.31327
2.65368
1.05013
0.806618
0.165207
3.04141
1.1988
0.502752
1.14854
0.223758
0.494291
1.54541
0.506318
1.68485
1.82942
0.291065
1.05659
1.47554
1.71088
0.961546
1.12062
1.42306
0.711161
1.45578
0.200199
0.330739
0.29874
0.661457
2.88188
0.767394
0.630663
1.80002
1.41889
0.366345
0.954209
1.16097
0.45317
0.390472
0.393167
0.51517
0.455267
0.943312
1.26025
1.14022
0.998144
0.683341
0.888143
0.871384
1.07441
1.52806
1.29976
0.418961
0.668353
0.99861
0.95228
0.129501
1.57046
0.694677
1.38564
2.0323
1.12991
0.828232
0.392926
2.37805
1.00784
2.43601
0.634097
1.14016
1.49079
1.08358
0.140972
1.87882
0.502622
1.5418
0.824869
2.55737
0.286269
0.746023
1.23048
2.18126
0.700875
1.41972
1.5825
0.522014
1.98104
1.62682
1.8768
1.30032
2.75951
0.401285
1.24434
0.393951
1.42999
1.75788
2.22563
0.482984
0.211842
0.483005
0.992741
1.27281
1.39609
0.147267
0.791801
0.812005
1.93951
1.72628
0.894234
1.48218
1.58166
1.66755
0.836751
0.548577
0.804107
1.15503
0.743054
3.82655
0.594169
0.831115
0.895075
0.0527967
0.338333
1.67195
0.784436
0.571409
2.72468
0.2942
0.897929
0.560964
1.37506
1.2501
0.301856
1.83688
2.08643
1.02857
0.525307
0.635496
0.680749
1.47488
1.7017
0.687311
0.178023
0.777262
0.641133
0.968497
0.956308
0.575034
1.37959
0.73781
1.33592
1.25824
1.34894
1.96932
2.01603
1.17134
0.226923
0.879457
1.05357
0.280873
1.1605
0.297876
2.13806
0.12339
4.5138
0.689222
0.97355
2.52411
1.40533
2.23475
0.553836
1.38965
0.438045
0.989917
0.747502
3.2329
0.355162
0.959811
0.77018
0.430772
0.32595
1.8613
2.46205
2.33143
0.906097
0.504789
1.00027
1.37127
0.567881
0.401767
0.754126
0.0525623
1.54174
0.911088
0.908184
2.44142
3.10113
0.517579
0.51361
0.380988
0.934529
3.55773
2.15362
1.35995
2.24184
1.25754
0.140282
0.865506
0.857153
1.94366
0.107776
2.34288
1.16508
1.53378
0.67526
1.45593
1.43679
1.20659
0.616538
0.585674
1.45154
2.20146
0.0638729
0.781902
0.881475
2.13405
1.87522
0.53735
0.176019
1.33003
2.28604
2.43731
1.10403
1.0211
1.38672
3.22311
0.643108
2.28953
0.360731
0.537821
0.840708
0.370366
0.770755
1.15582
0.608805
0.902141
0.359514
1.30946
0.555517
0.856748
1.03364
2.61381
0.457797
0.30584
2.27901
0.400897
1.10939
2.18467
1.97253
0.405616
0.384831
0.225104
0.378442
0.544212
1.04985
1.13186
1.53963
1.16425
0.746526
1.43957
0.748365
0.691848
2.11303
1.73064
2.09919
0.97521
2.07227
0.248835
1.31922
1.67066
1.73399
0.376534
0.911204
0.738044
0.263821
2.52721
1.12585
1.86282
0.374381
0.119128
1.22989
1.76567
0.487857
1.17906
1.51088
0.720503
1.83914
1.11252
1.09446
0.958318
1.75865
1.21175
0.539563
1.55922
4.86625
0.86908
0.558714
1.05032
2.1928
1.91989
1.0717
0.141331
0.731625
0.876411
0.0222463
0.713673
0.405767
1.79629
1.23024
0.723725
1.95364
0.959618
1.37585
0.962286
1.49657
0.227171
1.68876
0.0617988
0.6896
1.78193
1.23066
0.795527
0.430145
0.591512
0.687488
0.158814
1.95964
1.08135
0.39255
0.645079
0.612065
0.878596
0.0799052
1.21096
0.439123
0.0554206
0.541174
0.992259
1.22022
0.627502
1.81211
1.45934
1.37832
0.792886
1.40323
1.37471
0.833715
0.985895
1.73196
2.50863
1.27218
0.322707
0.633589
1.05315
0.585399
0.591192
0.909953
0.388743
1.80665
0.452819
0.403806
1.15051
1.91278
0.407923
0.152336
0.105688
1.10825
0.459441
0.380116
0.332516
1.92333
0.774609
1.73307
0.494645
1.03749
1.16784
0.440741
1.84895
1.08287
2.07929
0.863368
0.17698
0.112604
1.74542
2.44642
3.44451
0.262317
0.261553
0.511368
0.608591
1.50947
1.06189
0.457781
0.291563
0.103331
0.704064
1.7342
1.60946
0.667243
0.648057
0.649687
2.07151
0.613969
0.779205
0.950225
0.630428
2.83974
0.491536
0.811903
3.71865
0.615918
0.804163
0.419586
1.14517
0.680337
1.18019
0.293468
0.990222
0.720044
1.06836
0.325023
0.657641
0.692676
1.2894
0.555585
0.690476
0.702401
1.3086
1.18818
1.35188
1.44463
0.734189
0.73529
0.50969
0.626481
1.58972
0.88703
1.5018
1.43218
0.9137
0.435926
0.733395
0.406253
0.230127
0.726908
0.404997
0.29908
3.20068
0.279843
0.632258
0.521135
0.32003
0.975044
0.366462
0.544333
1.77534
1.24558
2.37886
2.14692
0.697644
1.74235
2.05138
2.43819
0.933037
0.693039
2.25641
1.30819
0.117911
0.715052
1.93454
0.236357
0.492813
1.54066
1.71597
1.04716
1.23296
0.544329
1.01308
1.17013
2.24209
0.521099
0.219499
0.644887
0.269171
0.534405
0.622964
0.8943
0.595399
0.724267
0.726618
0.684776
0.501905
2.94499
3.04531
1.10633
0.4327
0.370202
2.04652
1.22533
0.205314
1.95402
0.254269
0.377497
0.489316
0.556549
0.154911
0.886696
0.12573
1.92477
1.23335
0.753848
0.778654
1.04065
2.30002
1.22854
2.0312
0.908822
0.555613
1.624
2.4767
1.07787
2.75262
1.04176
0.16189
2.02812
1.17105
0.729685
0.651272
0.792896
0.119454
1.11851
0.50822
1.22536
0.263992
0.612085
1.30939
1.00317
0.560693
0.568342
0.875914
0.821409
0.960943
1.09589
2.26759
0.327236
0.526184
1.72913
0.0584207
1.82715
0.439863
0.623605
0.882608
0.23589
1.72816
0.200774
1.57536
3.60211
1.11699
0.909688
1.54399
0.780315
0.94654
2.61707
0.476817
2.65177
0.302069
1.54811
0.888527
0.867084
1.81961
0.939987
1.53245
0.735769
0.856769
1.45355
0.506216
0.545564
0.746334
0.215985
1.1418
0.89583
2.54616
0.34597
0.247789
1.46207
0.827896
0.454498
2.46531
1.40002
0.247461
0.843894
0.721347
1.1097
2.50321
0.375752
1.29422
0.545064
0.418157
0.617931
1.24985
1.45211
0.716457
0.617559
1.47915
0.99924
0.844331
0.37713
1.46433
2.45685
0.158031
2.75486
0.9105
0.631516
2.3992
0.328216
0.83734
0.502661
0.358254
1.18807
0.562459
0.568186
0.404793
0.476578
2.11929
0.995947
0.626715
1.02793
0.688257
0.284187
1.90277
0.484166
0.721919
0.674518
0.394747
0.924659
0.679915
1.26253
0.158183
0.654429
0.699306
2.74722
0.379881
0.389321
0.685623
0.98762
1.67418
0.182804
0.148633
1.52376
0.585483
1.7635
1.00133
0.613551
1.96372
0.58795
2.64132
3.33635
0.303407
1.2785
0.515502
0.402677
1.40997
1.01098
0.266323
0.742373
1.69068
1.07075
2.47735
0.0633053
0.446037
0.593554
1.62361
0.230398
0.683521
0.450429
0.429535
0.812494
0.647715
0.629169
1.65488
0.093192
0.792053
1.62144
1.26654
1.77153
0.737205
0.620764
0.366506
2.09863
0.623376
0.618169
0.848902
0.403014
1.85412
1.04708
0.500786
1.05428
0.267585
0.855231
0.506244
0.796182
3.73067
1.07752
0.481553
0.422244
0.823073
0.894452
1.02764
1.03323
0.825653
1.11891
0.624383
1.4037
0.721393
0.556053
0.654372
0.681152
0.0804344
0.389799
0.638401
1.27916
1.75957
0.547351
0.314414
0.671667
0.231828
1.56724
0.787645
2.96128
1.48373
0.558683
1.45151
2.13392
0.427772
1.05382
1.27182
0.476078
0.469108
2.54984
2.18104
1.17276
1.57535
0.45654
5.52341
0.435939
1.21278
0.722555
0.30345
0.764683
0.676821
0.272771
1.52338
0.595125
0.191743
2.06157
1.05624
0.951996
0.612205
1.15048
1.22456
1.01552
0.815784
0.413664
0.298245
0.117417
1.76774
1.86567
0.491691
0.454457
0.63342
0.795212
1.24954
1.60536
0.323867
0.405166
1.02487
1.50177
1.05144
1.19252
0.298878
0.53927
0.474815
0.77421
1.0373
0.500987
0.61516
0.611041
0.846655
0.824296
1.21779
0.143002
0.808497
0.936745
0.356014
1.00239
0.645106
0.778536
0.614969
0.951332
0.474532
2.12782
0.156784
4.22223
0.98789
1.04073
0.492988
1.14966
2.20639
1.16524
0.485804
0.285157
0.531895
1.65307
1.04327
1.3185
0.779594
1.36811
1.0167
0.737487
0.373289
2.78723
0.381105
0.622824
0.722153
0.706158
0.545765
1.23439
0.935039
1.87269
1.52194
0.102764
0.0902138
0.665127
0.818187
0.627984
0.342164
1.04847
0.987603
1.36877
1.95881
0.276725
1.22819
1.29827
0.276003
1.17428
1.72882
1.10315
1.5985
0.652072
1.44857
0.682491
0.323126
0.651411
0.108402
0.705498
1.5471
1.11796
0.695389
0.487377
1.17219
0.60124
0.713262
0.351748
1.03844
1.01184
0.614398
1.10359
0.887867
0.327192
4.65096
2.4452
1.09001
0.326398
1.54797
0.663603
0.207112
1.48353
0.388731
0.258318
0.61557
1.50763
1.1897
1.69054
1.19807
0.509866
2.75193
1.32244
0.0891518
2.26532
0.156803
0.804036
0.0726484
0.510848
2.91142
5.1032
1.48877
1.7415
1.32263
0.91332
0.287028
1.05717
0.808594
1.15894
0.160212
0.695235
0.313806
0.974087
1.89376
2.2654
0.487439
0.183902
1.44263
0.863765
0.875813
0.593564
0.839311
0.350463
2.55477
1.00459
0.908
1.01588
1.19569
0.803427
1.58696
0.52879
0.763201
0.633313
0.675389
0.491949
0.461206
0.585727
1.19862
0.87714
1.37105
0.565412
2.26513
2.6896
1.11341
1.02605
0.965673
0.449984
0.413601
0.424919
1.78851
1.77994
0.350086
0.0866326
1.88559
0.553165
0.172488
1.06436
0.289304
0.305546
0.42772
0.584847
1.76658
0.639417
0.617421
0.905402
0.590359
0.428808
0.827717
0.323293
1.29508
0.902665
0.883173
0.773317
1.28794
0.793985
0.458435
1.0071
0.370656
1.80969
0.741827
1.18099
1.9536
1.33605
0.457397
0.854313
1.06864
1.10167
1.38049
1.00616
1.53632
0.625867
1.62926
0.479565
0.536846
0.389381
1.35707
0.539556
0.848327
0.200985
2.46722
0.88057
0.897382
0.661182
0.226885
2.57909
0.578625
1.68481
0.755969
2.24598
0.894814
2.70869
1.20832
0.690463
2.14563
2.60327
0.129191
1.5007
0.323856
0.0374846
3.26626
0.610239
1.36807
2.61218
2.48821
1.22794
0.629613
0.549086
1.54733
0.277901
1.44825
1.12404
1.14796
1.32919
0.411301
1.5918
0.332796
1.76861
0.456113
0.705271
0.438375
0.492355
0.956251
0.535872
0.734938
0.451299
0.740701
0.909375
0.547802
1.84005
1.20984
0.569334
0.202578
1.5982
1.59882
0.956423
1.31833
2.41231
1.90667
0.392704
0.472132
3.2543
2.88178
2.07454
0.709301
0.81066
0.368546
0.389314
0.397219
0.618822
1.70567
0.0782743
0.327525
1.60978
0.822884
0.666801
0.209609
1.49163
1.50148
0.603442
1.26482
0.455934
0.290434
1.04906
0.604086
0.660532
0.696487
0.0345802
0.402981
0.889682
1.42281
0.443204
0.993734
0.487511
1.56364
0.998296
1.40239
1.09669
0.685
1.78641
0.834474
0.515735
2.14486
0.0863884
0.18732
0.992
0.357319
0.384077
1.09476
1.64047
0.996246
0.130575
0.252511
0.452946
0.531655
2.01519
0.423347
0.867777
0.338035
0.506861
0.554928
0.989704
3.19862
0.850166
1.24642
0.790753
0.793897
1.05665
0.98518
1.35019
0.18443
0.83177
0.745098
2.55329
1.5267
1.78095
0.915865
1.13541
2.51609
1.07156
2.02366
1.54482
0.532436
0.216298
0.447848
0.522112
1.27048
0.876834
0.295803
0.673357
1.56244
0.818565
0.497431
0.183787
1.74358
0.552977
0.545179
0.708316
0.563653
0.773299
0.624527
0.543135
1.21377
1.0599
0.677168
0.876536
1.42232
0.949228
0.768034
1.39698
0.520542
0.0404117
0.426347
0.628874
2.01779
1.04159
0.354041
0.793147
1.93946
0.764969
0.907554
0.641117
0.440678
0.227589
1.75985
0.0900249
0.59693
0.805931
0.331073
1.60415
0.0286825
0.641127
0.202358
0.187017
2.155
1.10941
1.73804
1.22788
0.301013
1.19533
0.520467
0.987503
0.859785
1.61921
0.488214
0.429972
1.62194
0.28416
1.18032
0.961658
0.906466
2.99507
0.450458
1.00046
3.11713
0.260965
0.498063
1.60079
0.706164
0.0657358
1.95095
0.746988
0.731208
2.26345
0.574471
1.01358
2.58156
2.45825
0.720745
0.565916
2.07134
0.802535
1.15685
0.266562
0.427921
0.682796
1.95771
0.421566
0.159265
0.176462
2.12184
0.0573621
2.22767
1.00862
1.99756
1.07884
1.20569
0.24761
1.30288
1.02807
0.695115
0.804152
0.72832
0.992196
0.324029
0.166604
0.850506
0.936789
1.06693
3.44245
1.00089
0.263301
0.378904
1.42646
0.275992
1.60516
1.64409
1.61508
0.862656
1.21297
1.24968
1.90614
2.54075
1.34667
0.363357
0.879034
0.797111
0.248631
0.192513
2.62991
0.154736
1.52845
0.415297
1.29179
0.296436
0.563206
1.5274
2.19178
1.18129
1.38772
2.79771
0.251436
3.30138
0.720647
2.19
0.915064
1.01382
0.4562
2.48345
0.418952
1.72854
1.00926
2.16209
2.31123
0.59164
1.79953
0.779097
1.1456
0.12822
0.685116
1.13755
0.793171
0.646254
0.40596
0.613907
0.559453
0.832587
0.947526
0.186543
1.60017
0.736663
0.583927
0.150372
0.564939
1.12548
0.717825
0.822626
1.50846
0.423116
1.38057
0.795605
1.12939
0.506727
0.260453
0.680045
2.24682
0.0926458
1.1278
0.956104
0.154709
0.801637
0.505695
0.53655
0.359357
1.33809
1.57129
2.17159
0.519705
0.560916
1.1735
0.103364
1.82747
1.34753
1.54123
0.306428
0.797193
1.37532
0.901364
2.21637
1.03812
1.24093
0.384393
1.37156
0.325219
1.64731
0.343321
0.408523
1.68725
1.18195
0.481052
0.412315
0.104929
0.741371
0.883523
1.00943
1.30633
0.0510738
1.82977
0.117791
1.87494
0.671414
2.17275
0.687045
0.849054
0.89274
0.232531
0.632315
1.13402
0.763814
0.576153
0.526135
0.265829
0.742609
1.77054
2.42605
1.68188
0.140024
1.39279
0.546392
0.692859
1.18355
0.259297
1.36535
0.451122
1.43491
0.823203
0.615162
2.06649
0.559529
1.35877
0.743657
0.705079
0.687416
3.08005
0.691953
0.0554596
0.551998
0.693612
2.06441
0.495011
1.33699
1.67689
1.84376
0.312425
0.296178
0.266841
1.4124
0.78717
1.0878
1.29164
0.606496
0.29567
0.71203
1.84669
0.341912
0.130048
0.622848
1.94476
0.354908
0.711524
2.34644
0.288366
0.879457
1.10727
0.751887
0.710459
0.264529
0.388341
0.156974
0.448056
1.25193
1.12307
0.615606
1.40581
0.165626
0.668131
1.39156
0.285371
0.49645
0.372551
1.85609
0.82096
1.45837
1.00653
0.784876
0.110566
2.03931
0.764706
0.986572
0.128477
0.917926
1.92244
3.95253
1.04624
0.508839
1.06723
2.46171
0.417317
0.478578
0.789162
0.25458
0.454045
1.03211
0.0024466
1.53991
0.400302
0.464732
1.92489
0.379269
0.323105
1.33572
1.15517
1.52428
0.293471
0.989676
1.18917
0.91389
0.0264019
1.64435
1.54884
4.36364
0.455056
1.59101
0.937791
0.687897
0.448088
3.21734
1.28582
1.11095
1.07236
1.00762
0.704212
0.25574
0.966732
0.991588
0.348136
0.152075
0.755272
2.01916
0.680428
0.171887
0.644479
0.987743
2.23707
2.05925
1.51913
2.11343
1.52166
2.19205
0.424556
1.91615
0.607589
0.755583
0.925415
1.5435
1.77163
0.49692
0.836536
2.6218
1.40635
1.67963
0.445718
0.501397
0.606048
0.585658
0.758648
0.916084
0.971068
1.04149
0.9873
1.12893
0.149114
0.777667
1.30392
1.01339
0.67169
1.20846
0.421192
1.5891
0.844165
0.387756
0.797246
2.74473
0.83419
0.51197
1.40971
0.703673
1.70063
0.598471
0.163661
0.973392
0.167423
0.896521
0.92748
1.0621
0.873751
0.686205
0.762933
2.33644
1.54086
1.259
0.399554
1.4046
0.0577132
0.973029
0.455167
1.23457
1.68665
1.83828
1.24021
1.11472
1.40084
1.87518
2.11692
0.930319
0.752865
0.0394965
0.437099
0.559329
1.06923
0.724825
0.481904
2.14833
1.54217
1.13228
0.543168
1.37163
0.181397
0.676118
0.909881
0.47764
1.39056
0.43193
3.39325
0.64745
1.21351
1.52573
0.502376
2.3897
0.287086
2.65218
0.105319
1.14562
1.26577
2.31916
0.693159
2.35909
0.460105
0.372932
0.953128
0.622752
0.452131
1.53243
1.50413
0.29025
0.868434
1.22263
0.408357
0.375085
0.715504
0.982577
0.804661
1.33478
0.837418
0.244934
0.452383
1.98116
0.523608
0.465279
0.486779
1.61631
1.21525
2.84373
0.786449
0.930149
1.40515
1.27968
1.83243
0.758267
0.285504
0.523044
0.776935
0.714643
0.483925
0.659059
1.23562
0.253986
0.540141
1.1843
0.723547
1.56685
0.165305
1.02013
0.620581
0.875986
1.18034
0.783689
0.603354
0.920422
2.48986
1.20669
2.30979
0.371322
0.497139
0.863121
0.721503
0.1863
0.11345
3.57698
0.190383
2.9168
0.560926
1.29303
1.2109
0.66262
1.90197
0.0947808
1.26471
0.355669
1.21556
1.35469
1.99851
0.128168
0.493396
0.289129
1.00147
0.679795
0.438971
1.13137
0.810504
0.033964
0.565494
1.1724
1.51462
1.73647
1.97424
0.187164
1.50461
0.16877
1.1028
2.36604
2.46137
0.491327
0.91488
0.80322
1.17844
0.825093
0.402902
0.405977
0.401303
0.0809911
1.29307
2.02014
0.282668
1.23037
0.81749
0.10944
0.241006
0.471314
0.539267
3.78174
0.598233
2.05518
2.3292
2.05723
0.899556
0.498886
1.02478
0.935917
0.517814
1.24565
0.942014
3.26185
0.52796
0.639699
1.17085
1.43639
0.0724078
1.10814
1.99393
0.408934
0.572434
0.23756
0.701341
0.265468
0.444542
1.89329
1.88265
1.57857
0.442474
2.07504
1.03179
0.824162
2.30736
1.06533
1.73555
1.00056
0.0705547
0.760897
2.00941
1.81382
0.596178
1.79523
0.477288
1.94339
0.793885
1.15888
2.11135
0.528982
1.50093
1.25148
0.642799
1.16734
0.596119
0.724119
1.87063
2.2116
0.731384
0.378286
0.546381
0.567128
0.565077
1.20333
2.70337
1.90188
1.11198
0.554449
2.92124
0.576856
1.2842
1.38242
0.593662
2.41604
2.285
1.25119
0.792045
1.59742
0.872124
2.13898
1.04183
1.15084
1.76393
0.632655
0.660383
1.23104
1.5553
0.23933
0.796849
0.682084
0.414834
1.50411
0.532565
0.718103
1.18472
0.396127
1.39646
0.132006
1.01724
0.142843
1.19363
0.458735
0.421679
0.828864
1.08829
0.545824
1.33533
0.767056
1.29915
0.642073
3.21965
1.30198
0.391082
1.56951
0.271137
1.27871
0.795703
0.425184
0.581051
0.60359
0.627694
0.785027
1.62121
1.89027
0.796606
1.80479
1.27251
1.68986
0.315291
1.90622
2.68404
0.798956
1.77059
0.202363
0.536087
0.589039
1.59042
0.388288
2.49591
0.36022
0.238408
0.582885
0.551391
0.872344
1.12883
0.585515
2.03927
1.39546
0.790624
0.12331
0.322141
0.421259
0.54729
0.452871
0.606439
0.63983
0.482014
0.880262
1.27679
1.39374
0.884368
0.358021
0.168677
0.650769
1.50026
0.625267
0.720627
1.06541
0.321042
0.754033
0.821453
0.492296
1.7806
1.90722
1.02486
1.80161
0.361439
0.746968
1.34244
0.667412
0.349373
0.142764
1.11816
0.596234
0.531377
1.16857
0.284142
0.62784
2.04629
0.404837
0.533164
1.27751
1.52013
0.344208
1.02821
1.22337
0.996819
0.637417
0.258193
1.71393
0.616975
0.727732
0.943976
0.471597
1.44888
2.14731
0.772763
1.59032
1.84285
0.747336
1.2961
0.504705
0.199145
0.442779
0.630656
0.590876
1.885
1.61193
0.597918
1.07034
0.418189
0.3336
0.710667
0.709811
0.916805
0.330839
1.9277
1.28953
0.428637
0.746778
2.89904
0.295054
0.0616693
1.3355
0.657881
1.60476
0.831457
0.912578
2.89908
0.81698
0.254567
0.48068
0.677152
1.83069
1.23236
0.158146
0.350567
0.804061
0.215382
0.128598
1.41918
1.17842
0.722349
1.02865
0.0772008
0.502936
0.945722
1.41822
0.381111
1.71213
0.227912
1.08588
0.392968
0.254193
0.259263
0.661677
1.57099
1.94506
0.108354
1.04746
0.995976
0.767703
0.268208
0.786806
0.0760292
1.42745
0.184397
0.329245
0.0434043
1.19374
0.750029
0.605096
0.883707
0.462891
1.61667
0.871061
1.76863
0.38156
1.8683
1.85779
0.758436
0.699546
0.919985
0.503357
0.781449
0.351548
0.78508
0.802039
0.470703
1.42346
0.555387
2.35714
0.238844
0.156915
0.464682
0.500322
2.69664
0.841505
0.278426
0.468838
1.41473
1.21637
0.132167
0.266047
0.841559
0.666091
0.755335
0.354736
1.01187
2.78902
0.450932
1.34743
0.28964
1.83653
0.413792
0.486796
0.57596
0.694532
1.38576
0.462822
1.02908
1.56133
2.29808
0.569275
1.20433
1.32422
0.761138
1.23085
0.713277
0.171854
1.03549
0.324062
2.21889
0.804889
1.35944
3.04407
0.639811
1.87659
0.905917
1.16765
2.16106
0.771218
0.62379
1.50782
0.683616
0.487297
1.16513
0.409445
1.06602
0.181282
0.276204
0.322425
1.33846
1.17398
0.502068
1.43824
0.436734
0.682419
0.433729
0.844197
0.430754
0.610812
0.555738
0.258094
0.49395
0.79387
0.541406
0.549184
1.34305
0.622759
1.55334
0.736152
1.42265
0.37969
1.40577
1.42621
1.39961
1.84167
0.721804
1.45554
3.78356
1.4205
1.42487
1.14662
1.8469
2.54955
0.503758
2.6374
0.874277
0.629164
2.17213
1.4025
1.57689
2.23323
0.660863
0.108873
2.21038
1.02804
0.823598
0.124265
0.916187
0.820672
1.28834
1.25638
0.767564
0.232736
1.16402
0.523394
0.871845
0.267739
1.83952
0.195077
0.381214
0.918068
2.37427
0.221351
1.1426
1.31491
1.58853
1.15222
1.03787
2.27744
0.355923
0.984988
0.841169
1.50692
0.336772
1.9007
1.36824
0.854111
1.15932
1.53293
1.1011
1.01957
0.969924
2.78027
0.177805
0.978579
1.12332
0.593975
0.52103
0.674668
1.37311
0.866752
0.680803
1.52245
1.19404
0.505944
1.49876
1.02361
0.24615
0.540352
1.63257
1.44764
0.819775
0.468502
0.930512
1.20954
1.11367
0.970624
2.49811
0.880065
2.1455
0.702293
0.161193
0.617456
0.726383
0.57044
0.385027
0.440712
0.971399
0.284483
0.536803
1.38914
0.348242
0.731248
1.93605
0.832399
1.42115
3.53529
1.09294
0.767296
0.325203
0.276271
0.254157
0.403304
1.99763
0.407253
1.24685
0.70478
3.29659
0.309072
0.723884
0.162364
0.350819
0.71703
0.948612
0.425704
1.47121
1.16742
1.43897
0.100822
2.04372
0.957702
1.30762
0.433808
0.848928
0.564883
1.33979
1.48823
3.28372
0.912704
0.861087
1.13094
0.590114
1.83659
1.51465
0.684009
0.0630226
0.715082
0.400379
0.5427
0.421254
1.31451
0.31345
0.756808
1.20341
0.604453
1.23758
0.774535
1.29626
1.18354
0.76418
0.253904
1.01108
0.758883
1.76428
0.922609
0.571495
1.97418
0.817868
1.39063
0.90127
0.539663
1.14698
0.863796
1.3878
0.927926
3.10646
0.859155
0.629565
2.45013
1.94621
0.911391
1.34167
1.00972
1.27695
2.9421
0.154597
0.451463
0.809833
0.537916
0.951356
0.849686
0.814572
0.091176
0.566615
1.54206
2.28498
1.90402
1.979
0.414715
2.37395
0.657024
1.69766
0.810503
1.4722
0.221634
0.219954
0.246669
0.939745
0.30466
0.16872
1.2188
0.881646
0.682419
2.39002
1.70951
0.435912
0.552953
0.555176
0.575523
1.16647
1.1669
0.962654
1.5613
0.0626455
0.888592
1.63047
0.265303
0.296905
0.391458
0.58806
0.263575
3.08538
1.47015
0.515501
0.612042
0.527265
0.443031
0.438818
1.12622
0.295651
1.54627
2.28317
0.307361
1.67201
0.702449
0.229888
2.57271
1.22709
0.790902
1.66508
0.185253
0.837726
0.577088
1.18523
0.287682
0.623951
1.83699
1.9918
0.270868
2.91845
0.714917
0.621606
2.09221
1.07868
0.136514
0.581774
0.101562
