-2.07873
0.146599
0.0787827
-1.42975
1.9009
0.673121
-6.92906
-0.739908
-0.343133
-9.05604
-1.91329
-1.27553
0.508727
-0.0418349
-1.0107
0.0922261
0.321352
-2.76611
2.813
-6.53827
0.113124
-0.370095
-1.25498
-0.934203
1.03335
-3.06241
5.88937
28.9461
4.53423
-8.10862
-4.06651
-0.968325
10.7857
-0.928915
-0.347653
-27.0691
-9.5276
-1.25581
-1.53085
0.477728
0.322068
0.729733
-1.59832
-2.13842
-0.465013
11.4787
-5.63165
0.991526
1.13194
1.33397
2.06073
5.3641
0.898712
-13.6638
1.91943
-0.557021
0.566342
-1.68426
0.346285
3.2476
0.261054
-3.83217
-0.637499
21.5951
-4.78808
0.309303
-0.746592
0.515263
2.38548
-1.35787
-2.44363
1.88932
1.05895
-1.22186
-3.75466
-12.4748
6.12375
1.35618
30.0909
0.332539
-0.345199
0.446613
1.34857
-1.23288
0.251485
0.834629
0.524561
0.724745
-2445.11
-0.099359
0.42407
-0.641505
2.70484
1.52729
0.577215
4.69806
0.752805
3.8592
-0.78899
-0.329235
-0.142677
-0.59715
-19.3334
-4.47273
-5.51356
-0.965254
-0.0283829
0.200109
-2.87139
-3.00017
-0.229003
-1.42352
-3.35119
-9.59108
-0.88351
-0.946457
-9.52756
0.0509422
-57.9471
4.76727
-0.730928
0.637623
1.19841
4.72502
0.844466
1.11687
-0.336066
0.0382642
-0.280943
0.567155
-0.62958
-0.0618917
-0.814027
0.0481262
0.174833
0.413915
-1.58988
-10.7337
-0.663319
-0.472604
-1.80898
2.7733
0.858839
-2.00858
-0.0183848
-1.12053
0.669871
0.753517
-16.3384
-0.396299
-0.206484
3.89748
63.67
0.724939
-0.338641
-1.73565
0.867116
-0.638686
1.72592
0.235348
2.90203
-0.584236
-3.29387
1.50468
-5.63249
0.933013
1.22162
0.18577
-0.947206
1.8181
-1.93839
-1.30231
2.72184
-1.4318
1.68695
2.58433
1.06711
0.0947546
11.1569
0.871626
-0.28833
7.48798
-0.160944
0.05423
0.899452
0.356973
2.16777
-1.24557
0.51092
7.37336
3.2713
1.26843
-0.904952
-1.67353
0.277982
-0.176968
1.28388
-1.22751
-0.472889
21.3082
0.0881244
0.892942
-2.33264
4.564
1.00334
-11.7274
0.244096
0.0437072
-2.1993
8.68778
50.6705
5.04141
65.2008
-1.76491
-0.864274
-1.1242
-0.994139
-2.07685
-0.712138
0.291827
-0.896201
1.74371
-0.282416
-1.9216
-0.0122408
0.0719172
0.955574
-0.45538
0.0495632
-0.328741
7.18038
0.1805
-1.29893
-0.985976
-1.14973
3.38031
1.39322
-0.787451
-0.476086
0.379969
0.223697
-1.52892
0.487112
0.488218
-0.0477714
-1.51373
-0.639472
-0.264024
2.49836
-1.13464
-0.544629
0.819863
-1.48442
0.440697
-0.160602
0.615899
2.02321
0.911426
0.338392
2.05525
0.524626
0.110227
0.990111
-1.41854
0.372647
-0.786097
-3.72751
-1.24
2.44655
-1.78595
1.73435
-1.41353
-306.302
-6.00067
6.30022
-3.99784
0.629996
-2.00868
-2.34681
-0.310644
-0.266418
0.0194953
-1.84392
0.0866617
-1.75319
-6.28417
0.657591
-0.784879
1.05802
-25.1806
-0.452773
-1.65415
-1.20198
0.298105
0.155231
0.231278
0.0403751
1.19329
0.052184
0.0576013
18.7403
-0.29825
-0.72373
-0.125333
-1.52516
-0.563173
2.4304
-3.71514
0.634359
0.253752
-9.19991
-0.649567
-0.663618
2.87421
1.1155
-0.0943281
-66.729
0.0401951
0.00895811
0.622581
-2.9629
0.516411
0.156737
1.06083
-0.554282
0.717483
-0.00590979
1.18656
0.171212
3.5616
1.03615
-1.75529
-0.102645
0.59489
4.11166
-1.40832
4.86546
-10.3763
0.160802
-1.28619
5.93373
0.786031
1.12678
-4.35233
-0.286688
0.80845
0.425336
-1.02025
-7.74053
0.0148428
-10.6397
-0.651724
0.711402
1.60294
-1.74487
-0.928479
-0.00265446
-0.702077
-2.76323
-14.5756
-1.7768
-2.08154
-2.96895
1.09145
-1.67216
1.99819
-1.36082
2.63489
-0.2996
3.26416
0.432552
-0.831188
-3.48307
11.3401
0.212282
1.99915
0.928065
-0.86501
0.67859
0.687349
2.61238
-0.109891
-3.33396
-3.75383
-0.53822
-5.97621
1.72187
0.547727
32.6263
0.573585
-0.687863
1.0714
-6.36834
-0.992795
-0.382695
1.3738
-0.269377
1.02635
0.510965
1.62191
0.26063
1.35233
-0.128772
3.87015
2.97316
-0.0893573
2.4128
0.111702
1.9897
-0.75095
-0.32359
0.862045
-0.845012
16.3618
0.278666
0.435163
-0.836784
0.97703
2.65693
0.947937
-0.320492
-0.634477
0.66825
4.79359
3.36043
-0.479452
-0.153435
-0.165291
2.88734
-5.19098
0.590837
1.23778
0.119821
-0.273015
-1.65035
-0.814172
0.992338
1.13816
5.64762
-0.660122
0.955152
1.10857
-0.970548
-0.424147
-2.25433
-0.830603
3.07644
-2.56113
-1.92828
1.72084
1.35147
0.271293
-0.123484
-1.0035
-0.425575
-0.747523
0.227559
0.461699
0.875936
-0.711258
1.87259
2.24566
2.14341
1.96432
7.596
-0.287216
-0.54683
1.51069
1.20141
-1.12907
0.738125
-0.0953891
-0.107048
-0.904642
0.998792
6.64626
-4.10802
0.473672
0.000339223
-0.356279
0.261632
4.20015
3.63964
-0.32738
0.335849
0.308937
0.893364
-0.829925
4.12521
-2.76575
-1.34426
-0.0500461
-0.346609
0.0323127
-0.700592
56.3002
-3.4744
12.2509
1.03519
1.82438
0.658143
0.249712
-4.61639
-6.0021
-0.737299
-0.899638
0.455203
-4.80786
0.2687
-0.27101
-0.587185
-1.02846
0.136688
-1.3978
-1.30697
2.70827
-4.18656
0.0557651
0.0289878
3.29873
0.37877
0.818555
0.165927
-2.45081
2.05757
-1.24071
1.50871
1.54369
9.61503
-27.6722
2.61908
-4.29817
0.530856
-1.78379
-444.273
-1.34636
-1.9683
1.23053
-1.20646
1.49865
0.0122076
-0.9205
2.19635
-0.546343
1.12044
-5.27319
-1.80278
5.27604
0.353012
1.08338
-1.1624
-1.00851
1.91551
-1.10061
-4.89515
0.463298
-0.0297893
0.192588
-29.141
0.0714697
-1.13655
-0.724806
-0.755502
1.78216
3.63022
0.546447
0.297507
0.296454
0.160404
2.78202
4.58
-0.0815507
-0.0657152
0.25495
0.163761
1.1094
2.52271
-2.721
4.33886
-3.14419
0.212101
0.17631
-4.29902
-2.99166
-4.13086
0.00672239
19.9234
2.85556
4.61431
-0.454528
5.22859
-3.11782
1.00955
1.29779
0.700914
2.99132
1.38787
0.607222
1.72337
-1.01355
-0.778813
0.99336
1.51624
2.45292
-0.482717
-1.29136
-3.98988
0.313555
-1.36123
0.301747
0.172189
0.264163
-0.627448
1.4379
-2.36818
6.48284
-8.09828
-8.7449
1.81933
-0.528772
-0.184562
24.4099
-0.469134
-5.05614
-0.83582
0.201456
0.55135
0.378327
1.0711
-70.913
-0.468938
0.0845476
4.11907
-1.6993
-14.3096
1.43096
-10.0432
3.16246
1.03147
-0.431021
0.489461
3.23476
-0.711154
-0.659986
-6.66913
-2.91846
-1.09309
-1.14585
37.6735
0.280498
-0.893446
1.41979
0.541591
-5.87331
-1.94668
0.0203977
0.935056
0.677237
2.148
0.491376
1.39268
7.31707
2.18212
-0.516898
2.64387
-3.9651
1.13674
-0.296461
1.30073
-0.540369
-1.725
0.21062
0.483569
1.137
0.348724
0.623829
-0.271183
0.141981
-29.3737
-0.952256
-0.678236
-6.46937
-0.803581
4.00632
-1.55854
-0.541408
0.248776
2.784
10.4109
-0.910156
0.648415
-0.419945
2.18006
0.369097
5.42756
-0.883986
-0.750571
-12.9542
-2.2567
0.727596
0.376324
0.467002
1.39089
-2.97691
-0.701953
-0.143855
-2.84594
0.619928
0.76109
-0.885647
-12.611
-0.716538
-7.68657
-1.85231
-1.21804
-0.205371
12.3051
4.57664
1.4605
0.148501
-13.9609
-0.26853
0.623076
0.541802
-0.424626
-2.94347
-0.764592
6.90482
-1.37573
0.350491
0.458553
-1.24872
1.62745
2.23113
-2.19826
0.22513
-1.9849
-0.18311
7.80596
2.9753
1.16043
0.102208
0.165214
-6.5636
11.123
-1.75227
0.505268
-1.17823
1.25285
-0.39741
0.139413
0.74344
-0.35846
1.07741
2.32574
-0.0743687
1.9126
5.39902
5.45702
-4.67394
-0.629711
-0.683716
0.0843237
-0.158188
-0.695762
-0.757088
4.81892
-0.181115
0.514441
-3.52804
63.6405
10.077
0.0215337
-0.686148
0.245884
0.352671
-1.68716
-1.41913
34.8307
2.5723
7.41401
1.36963
-3.89427
-0.190571
-0.502362
0.0521025
2.72205
6.69946
-0.0522537
0.115292
-0.380092
3.78104
0.618345
-1.29418
13.1574
-2.24654
1.2045
-1.13036
-2.35124
-0.56566
-0.304843
-0.542136
-0.636843
0.172126
-1.30506
0.200491
0.508116
-0.773438
1.3486
3.05566
-0.91126
-7.30741
-1.1041
-0.295426
-3.91186
-1.84225
6.21528
0.121938
-1.20149
0.422766
9.31102
1.59812
-0.365227
-0.0473997
-0.0939324
0.444609
-4.46147
-0.961216
-1.29557
-1.13823
1.18231
-1.0416
0.614968
0.337377
4.15248
1.78685
1.11963
0.233868
3.50222
2.0758
1.59749
-1.21724
0.469039
-0.789049
0.106272
0.0914018
0.224001
-9.70652
0.385491
0.677862
4.12395
0.104568
3.10813
-0.118926
-0.148764
0.377083
1.91854
1.121
-0.975019
-0.853389
-1.61006
-0.505436
0.85132
-2.33944
-0.254155
-0.149457
-14.9829
8.0073
26.9591
-0.221042
0.352014
0.147825
-0.149056
2.78254
-2.57711
0.318891
-0.0457967
-27.822
-0.34142
0.0457909
-1.59718
2.81826
-60.7388
3.13246
-70.9602
-0.763962
2.63861
-0.321805
-73.0669
-0.100016
-446.523
-0.0752389
-1.38144
-0.287504
1.91373
0.827116
0.74349
1.17747
18.2774
-4.86208
1.0886
-0.44972
-0.784124
-15.7481
-0.510824
-1.69027
0.194515
-0.240953
2.0017
-3.75542
0.953111
-1.3982
2.92299
268.231
-2.22999
0.370417
0.767855
-3.92514
0.229277
-0.0512901
0.237857
-3.9389
0.185688
0.984129
-4.476
-0.0217393
-5.09288
-2.50634
0.114264
0.651448
1.05592
1.94815
1.75985
1.42162
-0.36738
-1.16074
1.81689
22.5597
1.17808
0.0131416
-0.103342
-0.319508
-1.85572
1.84075
-0.230729
-0.300565
-0.494039
0.735047
3.3637
0.426741
-1.75544
-2.13948
-6.64146
-5.96498
4.46875
114.54
-1.43967
-0.236511
2.11714
0.489708
-1.15368
-8.24944
2.37578
-0.143247
-1.0745
2.13767
-1.36955
1.42729
-0.403449
-0.655639
-0.638389
-0.312674
0.222807
-0.109029
0.40375
35.2946
-0.265543
-1.93816
-0.436734
-5.41127
0.211087
-0.277673
-1.54382
-4.12062
-5.11166
-4.10466
1.14029
2.35278
1.19434
-1.93401
3.22105
-13.2852
-0.508872
0.497931
-1.81411
0.304835
0.367931
1.1187
-1.74208
-4.96717
-0.468912
-2.85409
-0.17489
-0.134772
-0.0481428
-0.521422
1.58358
-0.368865
1.17024
-1.46145
3.16818
0.156991
-0.821833
2.97488
3.8625
0.478542
-1.37502
-0.332016
0.268253
-1.56541
0.601714
-1.90138
1.10927
-5.44015
-0.401354
1.4608
-0.0885736
-2.45942
0.835034
2.44153
-6.90451
-0.59788
2.42262
0.148087
0.844739
-0.116117
-0.15567
-0.217855
1.62084
9.75563
-0.240082
-2.68378
-0.592522
-0.671927
-1.22497
-0.575089
-1.79994
0.378662
5.08349
3.80317
0.446525
2.388
-0.917696
0.100421
-0.843617
0.138244
-0.159895
1.44744
0.656502
-0.609933
-0.0441284
0.497517
-0.348574
-1.35161
0.264761
-0.595302
0.0805745
16.6821
11.4525
0.0991771
-66.0285
1.45602
-2.79494
-16.3815
-1.81704
-0.0456547
-13.5925
-1.3283
-0.427774
-1.59526
0.150363
0.296215
0.0640637
53.6135
0.729601
-0.372154
1.19699
-7.11147
0.2853
1.86444
-0.399058
-1.8597
-0.195035
-0.060958
-1.37233
0.793362
-2.2292
1.78795
-14.3564
1.22177
-1.69739
-18.1379
0.118875
0.388102
-2.93036
-0.466101
-0.847791
-0.478731
1.91213
0.485292
0.0458854
0.600937
1.55207
-0.473873
50.5888
15.3637
1.87966
2.29777
-0.280927
-9.03981
0.320921
-1.84216
2.00124
-94.4417
-1.99411
0.269822
-0.542152
3.40016
-8.98411
0.394637
1.58242
-1.09665
-1.46424
107.8
0.583384
-0.723889
-4.6242
-0.0427907
0.347495
-0.448362
-0.346116
0.835729
-0.44943
0.641436
1.27779
-1.84938
3.2104
-2.6587
-0.272695
0.445361
-0.134433
-3.03453
0.0820682
0.821767
1.34049
3.32006
-24.0915
0.0424352
0.322425
-0.255376
3.44872
1.00726
-0.171133
-0.111226
-0.566729
0.895454
6.91246
0.064611
-1.2041
-1.30847
1.86555
0.245713
-3.34089
3.533
-1.92224
2.06335
-0.70623
-1.10161
-16.6279
0.917989
-0.482498
9.44435
-15.0128
0.220938
0.123891
-0.961376
-4.56113
0.0766582
0.235739
7.5601
0.459085
0.987117
3.95809
4.73393
6.15844
0.738595
0.0518881
-26.6143
-6.65658
0.892308
0.338783
-1.01606
-21.9676
27.2555
-7.52165
1.24083
0.704805
0.198507
0.597004
-0.109648
5.61746
0.318671
1.08699
0.070607
-0.75606
-0.155583
-2.55635
1.20269
-0.97055
-0.370726
-0.246008
0.0112748
3.99732
3.92902
2.04929
-0.0137774
-0.58223
-0.095218
28.5626
-1.39641
1.1757
3.00334
0.912005
-3.24012
-0.388889
0.0276243
-11.3799
1.64133
0.394293
-0.0518572
-0.480023
6.95202
-0.213385
6.17672
-1.41452
-1.41249
0.396775
1.86389
-0.0617719
3.86663
-2.84592
0.174457
0.422166
0.299506
0.447974
0.593687
-1.57726
5.65268
0.300779
-0.667929
-0.619153
0.0100629
1.11298
2.61426
-0.841532
-0.808544
0.283572
-0.820889
-0.0830521
-11.5108
0.179453
-0.665021
0.208513
-27.2894
0.827576
-0.473694
-1.23106
7.18083
3.08864
0.0638814
-9.18912
-1.19924
1.01738
1.58735
-0.630007
0.823999
0.790802
0.193008
0.280572
-14.9348
5.96274
-1.22988
5.65022
-0.108209
0.640198
0.0529255
0.758554
0.139911
0.824656
-7.46621
0.98601
-2.90559
0.515187
-0.334619
0.519315
-5.13727
94.4793
0.819008
-0.374238
-2.45045
3.24363
7.5141
0.698234
3.86625
0.588665
11.226
0.907444
-0.530907
0.715753
2.39936
-6.74015
0.403889
0.294482
0.159525
-0.372464
-0.105274
-1.21086
-2.02785
0.64544
0.721469
-1.30752
0.644667
-9.26368
17.1812
-0.228503
7.76776
9.72708
-0.470646
3.54838
-0.14272
-1.58861
3.40463
-14.0973
0.406028
-2.93036
-0.345893
-10.6322
-1.96683
4.10196
0.399773
0.189791
0.443995
1.70809
5.37496
0.35003
0.258505
1.20357
-0.0397126
-0.603455
-1.01561
-2.03605
0.674819
-7.70216
1.25728
-0.079144
2.45064
1.81124
0.23291
-0.485732
-10.5906
-41.5307
-0.20766
-0.220314
-1.31612
-2.41272
0.940231
-0.286609
1.69581
-1.60319
2.97053
-2.30058
3.32533
1.12673
7.5352
0.274577
1.51368
0.640185
2.4438
0.944373
0.575762
-1.52687
-3.33948
-7.82311
0.150228
-0.0532721
0.802598
-1.50918
-0.293488
-0.118192
-1.33284
3.93089
0.395664
0.0638599
-3.0342
-1.05582
1.75038
-2.19353
23.8391
1.62792
-0.51109
-0.478181
-0.307179
-0.660554
5.86489
0.115188
-0.907553
2.77775
-0.386251
0.139723
-4.71666
1.25946
2.76855
3.82746
0.872706
0.336906
-0.117009
0.192393
-0.595007
0.310067
12.5382
-0.403075
0.22201
-1.17013
0.320248
-0.62176
-2.74509
0.300373
3.14647
2.32869
0.724632
0.0208021
6.69166
0.128266
-2.05749
-0.118936
0.0144972
-7.11591
-0.998139
-0.681133
0.063491
1.65849
-3.82182
0.583851
1.81352
0.446356
0.76515
-0.52038
-2.9683
-4.51176
-9.53354
0.555119
-1.09072
-0.630189
2.71828
0.616437
-0.336857
-0.591825
-0.176894
1.44839
-0.574306
-2.58163
0.989686
-1.24365
-0.431002
0.946792
-0.335069
-0.356867
-1.22317
17.5542
0.258869
1.63351
0.993944
-2.73435
25.3509
0.0521114
0.00990449
2.06241
3.72176
1.99416
0.176601
0.1307
-0.0763754
33.1651
7.84184
-25.6686
0.195525
-2.505
-78.0525
-0.349875
-0.715431
-0.608756
1.05674
-0.240295
-2.97129
6.74063
-1.71526
-2.24124
3.68428
2.54475
0.733573
0.889449
-2.57606
1.22854
0.604596
1.26515
5.89443
-0.684536
0.892672
-4.7863
1.55556
-1.85104
-0.142514
0.0122578
-0.388394
1.62037
-0.224903
0.0253666
-0.781949
-1.76465
1.93622
-0.590927
0.0328192
0.472444
3.28473
-2.55831
0.445525
2.03883
-0.441143
0.824095
-2.17315
0.567074
-0.959008
-40.4294
-0.210323
-1.16386
-0.781795
-1.34382
-0.739757
-0.742218
3.42752
0.932411
-1.6581
0.784869
-1.9574
0.351418
-0.0854352
-3.0639
-0.985357
-5.47218
-1.93765
0.23785
-0.00792432
-2.12921
0.713042
-0.513742
1.08429
3.45558
1.88332
-0.717087
-6.71212
1.55961
5.71502
-2.4489
-2.61287
-22.7815
-6.45399
-1.02495
-0.0585352
-0.483279
-0.212024
-1.87461
2.86076
0.893391
3.93406
0.474652
-2.26519
2.23493
0.448047
0.192082
0.473067
7.05135
-1.66215
3.71501
0.963833
-0.261206
-16.4204
-1.39698
0.697883
-0.811139
-64.8631
-1.53762
-0.443475
-2.10962
-10.2996
0.537524
-1.62137
0.0616419
12.2179
3.46693
4.90806
2.69203
-10.7986
0.920011
0.624947
-2.34742
-0.23922
0.718171
1.3668
-4.47975
-0.241059
-5.531
-8.68814
1.96901
0.148646
0.624789
40.7755
-0.527084
1.76024
8.03838
0.917604
0.597233
0.494403
-0.0473322
-0.341691
0.568164
0.622584
-0.594415
-1.35921
-0.118936
0.341752
-0.294105
-0.448382
2.87132
-1.28159
1.43475
1.52277
-0.262633
0.296298
0.827848
1.90865
-2.2612
-1.71383
0.880035
-11.6556
-0.813817
1.26939
-0.732059
-3.59129
0.873302
-2.79156
-4.60111
-0.525699
-1.27349
-0.243242
54.4109
-2.96583
1.59271
-6.90703
-1.39452
-1.23414
-0.805694
1.26511
4.23351
-39.4046
-0.00261517
0.0287639
1.10603
-3.23532
0.0414539
1.67544
0.286789
-4.9608
5.39264
0.347553
0.889513
0.84636
-0.344046
-0.859315
-1.33999
-0.707113
-12.7363
0.694303
-0.41162
-3.65566
-0.0258848
-2.26016
0.542346
-1.27971
-0.606368
3.24987
0.998787
1.57839
-0.463613
-3.42742
2.95892
1.74433
-25.44
-1.31881
-0.873103
0.728927
0.14888
-2.26798
-0.908035
-0.117247
-4.22054
-0.219091
0.337589
-0.145335
0.803967
-1.88519
25.6073
-1.71943
1.01999
-2.5948
0.0504186
-2.54086
0.411097
-0.385897
0.629067
0.0304619
-0.303719
0.267738
-0.202529
1.01547
-4.18505
-0.614942
-0.28447
0.0655671
24.4744
-0.40517
0.520226
-0.140308
0.265832
0.57675
-0.0838043
-25.6068
-0.252051
0.629865
3.88445
0.344848
0.0173801
0.20436
-8.05789
-0.538658
-0.986154
1.438
-0.115861
12.4955
-1.09779
-0.181686
0.107898
0.428879
1.09045
-0.55723
-3.00113
1.81045
-0.232487
-2.27364
0.30267
-2.77963
-2.5862
-22.3026
-1.45488
-1.39903
-0.15206
-2.24327
-0.179397
3.22166
0.57742
-3.26618
3.25212
0.530423
1.47273
-3.20254
-7.25852
0.40105
0.470169
-0.152038
-0.307722
0.351824
0.701266
20.0418
-0.0145458
-2.30651
2.64783
3.71426
-0.672466
-0.356819
6.0055
0.876636
-2.25715
-3.32896
-0.497134
-2.12574
4.91241
0.939654
1.91784
0.554853
0.604183
2.6238
0.974705
2.2936
-0.962327
-3.1066
56.889
3.34546
-0.150108
0.0354734
4.89257
2.61538
1.85895
-1.11862
-0.205355
0.241705
-0.171835
1.03812
1.20526
-1.43681
-0.203604
1.36516
-1.66993
0.327142
-0.0190126
3.16536
0.872487
0.62241
1.0467
-0.853897
0.147729
2.61598
-1.44987
-0.390261
25.477
-0.0415185
-0.523965
3.97897
-0.6874
-4.4326
2.7627
-1.37535
1.09187
-1.86774
0.26943
0.304397
1.20903
0.67872
0.173564
3.20162
-1.20929
0.24485
0.333586
1.08135
-0.745128
-5.65543
-0.147202
-2.48323
-0.161768
0.821302
0.421112
0.222571
0.10583
4.22418
-1.0529
3.91304
10.4599
-25.4015
0.261905
0.294771
-5.63489
-2.31344
1.66824
5.15359
-0.648876
5.15672
-0.0996437
5.39425
0.0139752
0.154184
-0.0423893
-1.51873
-0.654462
2.7204
2.01735
-1.84346
-1.85756
-0.924914
-0.0696025
-1.67509
0.000265091
-0.598718
-1.42439
-0.589457
-5.36019
-0.22706
-0.0957711
2.0549
-8.26563
3.52908
-29.7725
108.248
-45.5182
5.6585
-0.728963
0.266889
0.666541
0.437711
-0.299809
0.716679
-0.218328
0.286766
1.55158
1.90451
-0.43341
2.02519
27.346
0.284813
0.605982
2.24684
3.368
0.802355
-0.588217
-5.33488
-2.33581
-1.48483
-2.09484
-0.552823
1.14047
-1.07467
0.121284
-2.29
-4.15787
0.357802
-0.301392
0.111249
1.98764
0.492688
0.519385
0.269354
0.398199
-1.23656
-1.17458
-0.483323
-1.50826
-0.61632
0.670638
0.144603
-0.390413
-4.24433
2.34321
-0.690215
1.13044
-238.952
-0.600643
-0.358882
-0.121596
12.1728
0.636009
-3.1477
-1.27551
-0.365954
-1.61609
1.14962
0.383729
-1.90783
-2.33496
-2.98614
-0.371762
-5.03238
0.451713
0.626224
0.849336
-0.656273
-2.36635
-14.5614
5.41213
-0.498408
0.475269
1.01252
-1.70846
1.97449
-1.02176
0.521065
226.998
1.16197
-2.74861
-1.44848
-0.877182
0.472205
0.111496
-36.001
-1.01098
-2.81011
-0.451501
-0.590037
1.69238
0.8304
0.788765
0.79264
-0.0888533
-1.31948
-0.242714
1.01056
-0.825508
5.93606
0.920928
0.0443242
0.594256
-0.580227
-0.00817581
1.14658
0.106392
0.196544
2.95511
-2.98133
-2.49828
-0.654884
1.15355
-1.3265
1.7876
-4.57017
0.0270203
0.403934
-1.19574
2.0522
0.387437
-0.319863
-0.683415
0.195663
1.95913
0.510681
-0.104355
0.0331296
1.03771
-1.31775
-57.8594
-0.313085
-0.364821
0.7209
1.79924
0.251394
3.81644
-2.53764
-1.43317
3.35124
0.523658
2.0542
1.56188
-1.9066
0.528067
-0.227295
3.9992
0.202781
0.392266
7.59711
4.24135
-2.16216
-0.523366
0.0406787
1.28965
0.702443
1.28205
-1.30992
0.300953
-0.482577
0.631493
-0.619792
0.48972
-0.0804569
-8.45448
1.05597
-0.373442
-0.907159
0.655412
0.708607
-0.819372
-0.0668973
-89.0095
0.141495
-8.2978
0.0409364
-0.499498
0.0716441
-0.416321
0.217049
-1.0056
-0.336536
1.18843
2.0167
1.71787
-0.213804
3.19027
0.834088
0.780023
0.920073
2.52069
-0.218101
-0.263494
-3.30884
3.13191
0.0603447
-2.10603
-0.492428
-0.727572
-0.0750579
-0.605495
0.762744
-0.511431
0.825024
1.70297
0.380948
-2.11846
0.393281
-783.042
2.96138
-0.600784
0.27647
0.0014424
4.28809
0.0329905
0.827131
0.108951
0.387325
-6.99484
0.893099
-2.77022
0.974481
3.82009
0.609968
-2.60653
-0.276374
-1.0081
0.0812717
0.600089
1.27399
0.0630358
1.62268
-5.77512
-2.84747
3.79231
-0.0658478
-21.237
-0.0898882
-0.556523
0.0219034
0.433786
-0.761414
-0.162946
-2.12247
1.39817
0.74005
1.12553
-0.187563
-20.8702
-16.6094
-0.180331
0.0612976
6.77546
134.601
0.915922
0.0823983
0.349084
-0.0419227
0.802729
-2.06322
0.537067
-1.37174
2.27597
0.908263
-0.0734393
2.48402
0.0438293
-1.29452
1.05861
-0.883025
-2.31758
-0.233963
8.69065
0.862276
0.343765
-1.48046
-0.908381
-3.46038
4.97328
1.15304
-2.06624
-41.548
-0.40545
-1.26186
0.430299
-0.891271
1.61689
0.818415
-1.08711
-1.13659
-0.74963
-0.429782
13.1141
0.098924
3.06616
-0.782876
-0.08708
3.07863
0.190607
0.546766
-1.13984
-0.411031
0.589089
-4.17687
-1.04711
-5.08208
-1.41487
6.87621
-1.76839
-0.982865
-1.15574
2.05429
0.712643
0.0203235
0.547766
-6.88996
-0.340155
5.14222
-11.943
-1.73854
0.172221
-0.393217
-3.9299
0.882906
-0.285558
8.89218
-1.05509
-0.73236
-1.40644
2.72666
-0.0883979
-0.393875
1.33208
-0.0371979
-5.15366
1.70854
1.84434
-1.08075
0.291979
-2.60344
2.64726
-0.324733
5.77069
-1.20384
-0.579442
0.0970361
-7.01289
0.322369
0.0991271
0.014674
0.00873174
1.78478
10.0092
-0.126764
-1.02264
12.4576
-1.21641
-3.54452
4.62665
-0.452422
0.0817518
0.503724
0.188142
-0.911377
1.53724
-0.567231
0.75317
1.75752
-5.30661
17.3989
-6.36981
0.659164
2.30373
-0.653357
-33.0101
1.34167
0.0319517
-1.79791
-1.73617
0.215977
-2.71283
-0.473062
0.816457
1.42545
0.131676
-4.51007
0.871121
-0.274371
-2.29847
0.239931
-0.350141
-0.0869237
18.4622
1.68714
-0.355234
9.43445
0.907867
-0.0600454
-0.419445
-0.187931
-10.8887
-34.8753
-0.198284
-3.9206
-1.05566
-1.06436
-0.0104586
803.022
-3.73109
-0.50523
1.19214
-3.96869
1.27994
7.87139
-0.936015
1.05349
-3.31686
-0.607866
-1.26107
0.640495
-0.00764712
-1.64704
-0.0220534
0.269763
2.67025
-0.65255
-0.505075
0.0913277
0.590207
-0.23429
-1.23415
-0.826894
0.0141153
-1.48189
-0.691887
0.151474
-1.30586
-7.97405
-0.0699976
-1.71322
3.16027
28.0273
-0.208142
-0.124422
-0.473092
0.359328
0.912946
-6.21554
-1.33479
0.0284199
1.3262
1.05744
-1.00471
0.826374
0.29081
-45.2226
1.20342
1.49854
0.541778
-3.17503
1.38082
-0.137365
71.52
1.59105
0.167056
0.279334
0.0232075
0.485108
-2.81455
-0.345714
-0.288858
0.963538
-9.09108
0.297453
-0.605342
-0.529015
2.86741
-0.202242
-0.490788
1.83091
-0.376635
1.07943
-10.7541
-0.636441
-0.251293
2.29482
-32.6114
-1.46262
-0.140932
3.68278
-0.613558
-3.21082
0.273377
-0.537329
-0.712052
1.40305
0.681884
0.260787
-1.01137
9.05588
0.694138
-2.48144
20.6196
-1.29561
-1.32829
11.1863
-1.26172
1.21564
0.504906
1.53237
0.489771
-5.89159
0.583642
0.22956
0.386762
1.86971
-0.462628
0.541277
0.118972
-38.572
-1.54128
-0.571295
-2.10079
0.415381
-1.17809
-1.47854
5.51466
0.501751
-1.00724
1.71297
3.69606
8.33584
0.350399
-6.41519
0.68333
3.15108
-0.183223
0.492166
-1.23098
0.53029
0.0452749
-1.59755
-0.323457
3.87993
-1.27666
-2.06403
1.35793
-0.69032
-0.917821
-0.504567
-1.70257
0.03585
3.02329
-0.635016
2.52016
-4.31908
1.06877
-19.9541
1.92652
0.73075
1.3817
-272.121
0.0321482
-65.9985
1.20412
0.349644
15.5541
-4.45683
0.35973
2.36755
0.39342
-814.33
-1.61701
-0.390395
0.486167
-12.3252
1.4526
-0.445664
0.838316
-3.2148
-0.490871
0.251429
7.90848
-0.828288
0.0163369
-9.83815
-0.628161
0.878376
-1.19499
-14.7255
-0.261677
1.44346
-2.43774
5.57793
1.97071
6.59007
1.24148
-0.553995
-0.664938
-1.73414
3.95156
-6.59521
-0.197469
-2.24419
0.250728
2.55837
0.557352
2.07348
0.584528
0.266089
-0.527455
0.468097
0.726725
-32.4302
-0.121068
17.9494
-1.97661
0.118651
-2.51688
0.0600513
-0.244459
15.5934
-0.218852
0.284225
3.736
0.652667
-1.70765
0.343438
5.7564
-0.111328
-1.16537
-1.8918
-1.35509
-1.27694
6.73034
1.53273
0.786259
0.558698
-1.06799
5.38204
-0.802051
-0.977075
-0.321755
-0.837885
0.479203
-0.741888
-2.28803
-0.724957
3.06843
0.603012
-0.830361
-0.490985
0.535959
0.282938
-0.881252
13.9109
1.01766
5.08312
1.17496
-2.78845
1.09257
-2.0365
0.432202
-7.42855
-0.351592
-0.267588
0.136245
1.07201
-0.445078
0.171966
1.07526
-0.674363
-10.0698
0.229411
2.3687
-1.12067
0.559804
-1.07513
-4.144
2.98133
0.311999
-0.503888
0.978666
0.0694252
0.798114
-1.62793
1.59137
-0.0421113
1.22326
-0.621203
-0.893069
-0.51883
-591.033
-0.765479
3.74884
-5.68851
3.90685
-2.55265
-0.290432
-0.988563
5.9162
1.86744
2.18237
3.00784
-1.64472
-0.456727
0.422463
-0.295732
2.51039
0.214263
1.92535
-0.619812
1.00908
-1.38203
0.778777
0.737045
0.548639
1.39349
-0.261855
11.584
3.43016
-0.161781
0.388841
0.176487
0.212257
-0.245887
0.4344
-0.0424219
-0.604876
-1.28448
-0.719337
1.05168
-1.57213
-1.03947
-1.43539
0.451918
-0.462055
0.211573
-0.410508
2.1784
-1.45723
-0.57428
0.156666
0.125802
-0.747766
0.153411
0.726237
0.167702
-0.0932789
-0.931042
-0.649122
-0.245916
-21.6178
2.6942
1.45996
-0.583712
-0.796786
2.96412
-6.16638
-1.44114
-2.71943
1.5855
1.52795
-37.4324
2.24081
-0.292233
-0.350488
-4.60819
-0.0531391
1.67401
-1.67303
2.97438
0.577537
-0.373313
0.284373
5.93862
0.600903
-1.49461
0.803598
-1.66268
-1.15763
1.74746
-3.55301
-0.451009
0.813192
-24.9623
0.322892
-0.250946
-0.652921
0.746557
-8.00213
3.73078
0.373623
2.94231
4.17679
-10.0634
-1.1028
-0.0734174
1.04645
-1.18144
0.397565
-1.95416
-3.29803
-1.17173
-1.67811
1.4566
0.57843
2.15171
2.77804
-0.319763
-2.4755
6.45337
-3.55255
0.0510806
5.30181
0.275915
-0.119291
-0.480916
0.820804
0.819902
-0.773876
-2.34238
0.397426
-0.0227751
-0.926057
3.81509
0.247056
0.169937
-0.230017
0.61782
-11.0257
0.0757545
-2.02345
-0.193771
1.29362
-1.44018
-0.525804
-0.616862
-0.451976
0.766718
2.8344
0.931104
0.283089
0.164116
1.97032
-2.10599
-0.226341
3.6331
0.400715
1.55733
0.604852
-1.04253
0.864156
1.15722
0.513019
-3.62102
-2.57905
4.85723
-0.596806
0.409719
-1.02853
-1.41179
-4.23589
-0.274566
2.35253
0.155181
-5.89444
-2.01851
-1.1542
-1.98313
-1.75456
-0.880265
2.63226
-111.415
0.812098
-1.66995
-5.34167
0.341042
0.227928
-12.7895
4.9116
0.702868
-0.856703
2.04336
0.682426
0.385295
0.567669
1.2183
5.39555
-0.417277
-0.783057
1.06367
-0.469757
1.81326
-0.805456
-37.3235
0.608705
1.93541
1.00802
0.783615
-10.5488
0.605912
1.39607
-0.213744
2.23121
0.070634
5.13935
0.174356
1.58588
0.994429
-43.2133
2.19845
0.707079
0.593746
-1.82733
-0.00925823
-6.24058
0.516658
9.09065
-1.57412
-4.54575
-1.07553
0.750775
2.28176
-0.813961
-0.278142
-9.04888
0.36685
0.613758
-0.549736
130.515
-0.129783
-1.72767
1.47511
5.77426
1.4869
21.224
-0.03077
-0.811565
-0.305649
-4.3553
-2.83729
23.8593
-1.25254
-0.723263
-0.232275
0.602603
1.56155
-0.83202
-2.01243
-1.77169
0.440964
0.13397
0.244593
-2.65453
-0.402961
3.9561
-2.64756
-0.149453
-1.13695
-0.676642
1.38175
0.424765
0.85846
0.816708
-6.22115
-0.472483
1.40619
0.810468
0.979323
-7.57403
-0.570766
-1.74035
-0.440093
-0.974554
-1.8577
-33.9876
-0.309142
0.05978
-2.54315
0.336705
2.30784
-1.71096
-0.0235917
37.3942
-0.576587
-0.221617
-0.0610993
-2.17882
-2.082
1.11945
0.949694
0.249339
-0.668932
-2.40233
0.187249
1.02056
1.13131
-1.50075
-0.691115
0.103043
-3.10354
3.12057
-0.747716
-2.60338
0.876621
-1.40811
-0.942928
1.64177
0.540037
0.422758
1.6097
0.691211
-1.08886
-0.918065
0.110686
1.74042
0.45831
0.423106
6.38254
-0.122202
-0.820712
-1.38324
-14.747
-3.95652
3.05834
0.508479
-0.362547
-0.414904
-0.596515
-1.05142
4.01824
1.33963
0.0192037
-0.489611
33.9765
-0.449904
1.07383
0.460011
-6.64509
7.0042
1.06155
0.255258
-4.63741
-0.196109
1.93007
2.65326
-0.728917
-2.01241
1.56781
13.7602
1.55276
0.679802
1.74793
-0.230577
-1.49088
0.167289
-0.876955
2.25647
11.7921
-29.756
0.202385
4.5951
-4.27887
-1.48468
2.33481
0.96139
-1.71595
1.0549
-0.223323
-0.120424
-0.390087
-1.45795
-0.00124243
0.478868
-0.297611
4.78145
-0.381195
1.1809
-2.76914
0.736519
-8.25692
0.709406
-2.36121
1.24005
-25.6326
-1.24839
-0.944964
-0.909609
0.809208
7.73336
1.09854
-0.50407
0.558966
2.25017
0.0677161
-1.07769
0.301469
-0.683933
-0.495554
-2.52481
0.306226
-1.24554
-2.76947
-1.12929
-0.740161
-1.91634
-12.067
0.0977737
-2.61286
0.848856
-3.0687
-0.166153
149.236
-0.192408
-1.25683
-1.63081
2.57595
0.554874
-0.746503
1.29843
0.0960043
-0.657638
-2.74002
-2.97678
0.00914764
-1.02237
0.302545
7.57604
0.1504
-546.223
-0.514278
-7.48487
-1.48319
2.17372
-1.70122
7.50591
0.692332
-0.719392
1.00516
-1.22978
0.333435
-0.236637
-6.46761
2.12983
-0.258586
0.504935
1.75532
-0.130404
0.777931
-5.35785
-8.72052
1.13223
-1.23608
26.6163
1.0919
11.7899
0.0350291
-0.285074
-2.51019
1.78145
3.36281
-1.96095
4.15762
-1.0203
-0.0716503
4.11808
0.617526
1.50224
-0.570727
-101.645
3.31497
1.95058
12.3036
0.799758
1.49672
0.0971669
-1.14994
1.99039
2.83068
1.63091
-0.22448
-0.416756
-0.589578
1.03304
0.429875
1.07963
1.83489
-3.30102
-9.35446
0.0300231
0.869932
1.15851
-1.09944
-1.35223
0.0552942
-0.385198
-0.122801
0.624071
-0.420453
-8.10933
2.92412
0.391504
0.205398
0.232834
0.785112
1.39933
-0.51263
0.0500951
-1.41342
-0.0434315
2.41439
3.27982
-0.763225
-2.93602
0.0947551
1.16573
0.216183
-0.0846308
-9.11538
-3.5444
0.226174
-2.41516
1.65609
-1.66961
-0.719404
-1.26701
0.00927817
-285.861
3.26734
-0.0125543
1.87336
-2.29768
-0.794521
2.16599
31.193
-1.02778
1.115
-0.189657
1.42726
-1.38666
73.9555
0.257949
0.228584
-1.20078
0.11917
-0.314043
0.560748
-0.52599
0.128849
0.149592
-1.70579
-0.650432
-0.649437
1.71213
1.26391
-0.499602
1.07608
7.67257
1.84224
1.70287
2.98309
-0.0189417
-0.634015
1.42056
0.680591
-0.140143
0.199157
-2.45602
-0.77524
0.316686
0.399186
4.03241
0.385706
-3.01525
-0.140694
-0.0666592
-0.495925
0.00215671
-3.78874
5.53398
-0.0489294
0.239224
-0.608321
0.510586
-0.790182
4.54929
0.571089
0.449742
1.07234
-4.67262
0.0618764
-0.0605036
10.6761
-11.3537
-0.942742
-4.80341
4.93104
5.11174
1.47186
1.78414
1.56671
0.056324
-0.0905381
-0.481304
-1.04808
-0.644217
-0.0982761
0.829476
-3.09973
-13.4816
0.24069
-0.151495
-0.199298
-0.0246715
0.424991
0.769781
-1.23116
-0.620086
3.54296
-4.27086
0.777731
1.73433
-3.06817
0.0997341
-0.432337
-1.89129
3.10813
8.34485
-1.31497
-1.75784
0.478105
1.15659
-1.98902
2.6718
-2.34852
0.888114
-0.759155
2.41148
19.0353
0.252334
-1.74087
1.56071
-0.261607
1.55396
1.64632
3.60899
2.75252
-0.985095
-1.933
2.18564
-1.0255
-0.180372
-0.461548
-1.34305
0.411751
-19.8019
-1.35278
-7.3239
-0.8277
1.01699
-0.534804
0.231232
-12.1353
2.10622
0.463424
-1.2302
-0.631681
-9.10956
0.923909
0.0957534
-0.138395
-3.28052
-4.82858
-0.444187
1.86516
-1.0309
1.35278
0.635628
2.22261
1.78959
-0.776602
1.67589
-2.43138
0.565547
7.42672
97.4518
-1.3129
1.36736
-8.26056
11.0347
-2.41784
-2.81345
3.65042
0.156206
0.575069
0.0944618
4.63492
0.577713
2.05336
0.890063
7.06856
0.778158
0.936186
13.3572
8.29141
-7.04896
1.14308
0.910865
-1.7006
0.238307
0.0599283
-18.9754
6.06205
-0.241568
-0.0605143
0.703311
-57.1166
1.88484
-0.531735
0.503891
45.9461
0.336053
-10.0105
0.905533
0.0533803
-11.4986
9.88756
1.34681
-0.321511
0.541954
1.88682
2.91217
-0.229556
1.60808
1.15262
17.0848
0.584822
0.106902
-0.126875
-0.0582096
0.116322
0.965701
-3.16638
1.52194
1.21891
2.30044
-0.342193
-0.204085
-2.48478
-0.553256
-5.49678
1.13976
-3.70379
-1.07599
2.21893
0.876999
3.78039
0.10788
1.94413
-8.74608
-0.0911243
38.4087
-0.788826
0.401113
-0.977082
0.498548
-0.401505
0.228889
-2.42624
19.0324
1.28753
-0.910986
-1.80858
-13.7254
0.523631
-0.232883
1.34824
-2.59742
-1.3419
0.432254
1.62451
2.75126
-3.01538
-0.0651643
1.32545
-0.289363
1.00486
11.7452
0.472841
0.303077
-20.8654
-1.41948
-0.938378
2.85836
15.8371
-1.4306
0.326555
-2.59693
8.88546
-0.149167
-0.816504
-8.21955
1.19996
0.993129
4.01543
0.489044
0.590657
16.5018
-0.623357
0.16107
-2.19015
0.152335
36.5667
0.78875
0.512286
-1.46664
-0.577787
-2.28708
-0.856375
-0.0337463
0.734244
-1.13864
-1.41689
1.04457
-0.33914
-0.752003
0.679518
0.236218
1.99088
7.21924
0.952867
0.654378
0.294629
0.349747
-2.19191
0.151824
0.707338
1.23719
-0.546706
-0.338661
1.25105
2.388
-2.26092
0.999024
6.35347
0.322371
3.18422
39.5315
0.561848
-2.67837
-1.08031
13.3203
3.55223
-0.29107
1.59707
-15.1984
0.890955
-0.240129
0.571615
-0.0958433
0.29418
-0.830539
0.272308
3.58643
0.623665
0.795704
0.365933
-2.55663
2.54044
-0.549327
-1.92177
0.392495
1.88469
-0.64162
0.2095
0.749753
9.19933
0.844201
-1.51537
0.576242
-46.1953
1.00779
2.39946
0.533757
0.346258
-4.00444
3.65569
-1.05646
-0.486138
-4.41044
0.79423
0.52368
-0.382513
0.036263
0.222428
-0.109784
1.66208
5.22711
-8.00979
0.338987
0.977291
-0.494092
0.048605
1.21644
1.27214
-0.0385436
0.131446
0.0519918
-0.321823
-0.760693
-0.684588
1.40696
0.514233
0.52718
1.17384
16.2656
0.464376
-5.21099
-1.08416
-0.371761
18.4945
0.449756
0.506597
-5.64309
-1.26477
0.672285
0.574895
0.0946966
-3.24559
-0.20766
-0.908493
61.8787
-1.02464
2.14383
-2.1715
-0.608621
0.651224
-22.5298
1.74803
-3.80061
1.39245
-0.46651
0.225529
0.318834
-4.28703
-1.20257
-0.833341
-1.72656
0.261583
-0.639219
-0.739363
1.06859
1.01163
-18.8284
-0.902593
-0.789762
2.59562
2.72019
69.8429
-23.8157
-0.676466
1.35564
0.468704
0.678882
-2.69745
0.218694
-4.9709
2.85992
-11.4317
-0.116145
-2.014
-0.863522
2.88888
-1.45454
0.511248
15.3028
-0.866831
1.67008
0.387172
2.52148
0.436598
0.971089
0.573322
1.7789
-3.89981
-2.63822
-0.389433
0.225257
2.82881
-0.772591
-0.0527122
0.297488
-1.14394
-1.08371
0.299148
1.37422
-6.14027
0.880292
0.883583
0.236099
-4.99683
8.88032
1.08554
0.881213
-0.070198
-2.88136
0.346484
3.43745
-1.08717
0.623976
-4.58569
0.547947
-0.122283
2.71794
0.159531
-1.00985
-0.235161
0.16628
-0.566677
0.417349
-0.794489
117.829
-0.410352
-11.4306
-0.00960822
1.08302
-0.158899
3.75821
11.1478
0.12031
-0.317199
0.0372341
0.825065
0.515552
-3.01621
5.34265
-1.02405
-0.557304
11.9816
-1.84915
0.332694
-1.71645
-1.4617
-7.04999
-0.403873
0.03855
-0.364257
-2.43481
2.22035
-0.0796783
-0.760388
1.95473
3.59803
-8.29741
-25.8907
0.119358
0.139296
-1.36913
0.419695
-1.03706
-0.262874
0.302676
-0.0138801
0.294835
-0.721559
2.42493
-1.45736
4.32673
-5.35761
-1.28673
-1.07618
-0.891329
-215.621
-0.445174
-1.2388
-0.499881
0.932215
-2.25841
-0.0359851
0.812165
0.164692
-4.87527
-0.251089
-1.29228
8.36266
-0.31996
0.420064
-0.908016
-0.216742
-3.05794
-0.126126
0.312571
-1.34544
-0.833181
-6.65874
0.0700886
1.28609
11.529
-2.62363
0.814985
-0.510158
11.0927
0.120992
77.6138
0.0693267
0.123578
0.61826
5.11159
0.347952
0.818045
-0.624419
0.360291
-3.57477
0.698709
-0.327496
-1.0017
0.173543
0.343206
0.017298
0.489368
1.01467
-4.62417
-2.21975
-2.47076
0.477508
1.10234
-0.176626
1.62199
-0.163178
3.17611
0.446143
-0.554223
-0.46578
4.2842
0.260161
1.08453
0.858625
1.69407
-0.315621
-1.45782
0.529415
4.39011
-0.576345
-1.77125
0.179763
7.27097
-0.0642675
-3.8157
0.745946
-1.34405
1.19386
0.383092
8.70061
1.10046
-0.224778
0.286455
-0.646474
1.64392
-2.10656
-1.01364
3.89498
36.8123
2.01113
2.00948
-0.960656
0.117981
0.761226
1.41694
0.242516
-24.8759
-3.84416
-0.162374
1.96312
0.155071
-0.375194
0.758198
-5.68364
-1.33361
1.19307
1.66249
-0.640355
-1.76504
-0.319202
3.13708
24.0126
-0.164705
-0.132195
-0.14559
0.222307
1.46872
-1.86712
0.0556474
1.32323
-0.686393
-2.09685
-0.983487
-0.211903
-2.06144
-0.600578
0.444427
1.07025
-0.796593
3.33754
-1.14633
0.66018
2.03975
-0.9095
1.76703
-1.8002
-2.62972
-0.17579
-0.228402
-0.368689
0.76863
-1.69816
0.314171
-0.199068
0.0390827
-11.5318
-0.12856
0.906148
-0.628143
0.719379
-0.225491
-3.5564
-44.3513
0.58263
0.13315
2.2134
0.577113
-0.403157
0.632697
0.178279
0.14864
-1.46185
0.908441
0.151154
4.28249
-1.52856
-0.60572
0.204269
1.97093
-1.09112
2.95123
-0.688132
-0.292046
-0.928337
1.24591
0.100625
17.7633
3.58727
-0.204854
0.237093
0.841392
0.716138
1.25095
-0.247267
0.675912
2.00279
-0.655403
0.790928
0.416811
-5.47717
0.654779
-4.2819
-1.38021
1.36069
-0.874397
-3.02233
15.4616
0.427103
-0.605871
0.503025
2.04687
1.14496
-0.0781938
-0.669112
4.73447
0.469433
0.764916
2.63297
-1.08751
-0.72333
-0.0569159
1.06718
-0.00130033
1.52396
2.7513
-3.92451
1.02369
0.770265
-0.290891
0.165273
4.57322
0.143338
0.501212
0.585129
-1.56799
-67.0763
-0.309015
-0.967033
0.831096
-0.785379
1.1658
-0.042413
98.6282
-7.124
45.0601
1.99792
0.0221467
0.200056
6.71841
-14.2446
0.440631
-0.439962
-0.0158413
-8.53637
-3.42629
-0.414237
1.43157
-1.4811
6.88961
-19.4638
4.86003
-4.13958
1.8172
16.2613
-0.322611
-0.600217
3.00023
1.25402
1.43851
-11.9443
-4.17202
0.0178066
-4.34756
8.77069
-0.0345535
-1.26729
0.684086
0.255683
0.299064
7.66544
2.3104
-0.17514
8.38678
0.446259
12.4283
-0.573281
27.8571
-2.17689
0.838276
-3.07438
2.32598
-1.07018
-12.2458
-0.291779
5.07503
1.03749
0.348022
-3.17159
-1.02205
-0.310657
-1.07061
-0.618727
41.6056
-7.21595
0.377728
-3.35078
-0.366683
-10.975
1.4412
0.58664
0.567129
1.404
-1.6248
0.332857
-0.777435
1.78759
0.258884
3.01311
0.42097
-2.09754
-2.20264
0.547062
5.79465
1.39702
-1.10481
-1.26384
7.59948
-0.219571
2.74288
-4.56205
2.92699
1.73506
0.749764
0.51199
2.83688
-0.0703965
-3.70326
-0.503256
1.70934
-0.60374
2.8653
5.69991
0.855219
0.443379
-1.39252
-0.229145
6.18128
0.739475
-17.5086
0.11986
0.791529
5.01657
0.969605
12.0965
0.292219
-7.99573
1.27141
0.0816306
1.24873
0.716802
-0.0810981
2.39573
0.289017
0.87852
-0.138253
2.63807
-1419.65
-0.143588
0.431264
-2.06559
-1.05039
0.223489
-0.371523
8.97276
0.57625
1.35613
1.54572
1.14818
-0.0789393
2.27417
0.310011
-2.82287
1.12801
-9.34439
1.39685
0.68132
0.133474
-3.1598
-1.53311
1.43091
-3.38523
0.155078
-0.489897
0.592184
-0.0408604
3.54632
0.632003
0.874112
-0.681265
18.2742
0.976325
-0.490959
2.68556
-0.374239
-0.845848
-1.02715
-2.8615
-1.89793
-1.52294
-0.256112
-1.77472
1.43957
0.283518
-0.669337
-0.505181
-3.53283
3.38623
1.07051
0.0765167
0.790956
-0.844642
7.36354
-2.51959
-1.07898
-1.02885
-2.66156
-2.16504
-7.73671
-1.77461
0.441349
0.327945
-0.977813
-0.822044
-13.8701
0.648872
1.7054
1.13326
-0.438104
1.82737
0.308225
-1.67441
0.864342
1.86509
-0.618615
-0.496876
0.163626
1.48887
-0.301959
0.788229
-1.91498
0.0610896
-1.35895
-1.57762
-32.1582
1.25044
2.39219
5.48255
-0.0255305
0.73297
-0.301257
-26.4886
-0.180173
3.6461
-2.67331
-1.38773
1.09677
2.44939
-0.229547
-27.2548
1.68266
0.922078
2.13421
8.05546
-0.707303
-0.87557
33.4766
-0.719068
-1.90955
2.15529
1.10325
0.911304
1.23887
-0.781057
-4.91123
1.19293
-0.698433
1.01696
-1.95583
1.41375
20.0343
-1.12019
1.24549
-1.60638
-5.25442
9.35681
-0.618958
-0.0562078
0.442516
-2.88108
0.16846
0.182312
0.413062
-0.131574
1.67626
-35.7221
-1.0241
-0.718937
0.2654
-0.531181
3.48805
-0.174806
-1.1721
-2.65917
-0.0553228
-1.41605
1.9099
-0.241649
5.00375
-0.288584
-0.147264
46.2608
0.497135
0.335299
-0.41749
3.96469
0.0919561
-0.14988
0.0168163
-0.470154
1.83952
-0.967148
-0.00902911
0.276185
-0.209968
-1.4074
-0.881744
1.72331
-44.0098
-0.548396
1.38052
-3.95509
-0.483843
1.9594
0.312624
0.644043
-0.349149
-0.941899
-2.31287
-0.384024
0.214659
-1.03665
1.39996
1.29117
-0.233258
-0.00140175
-16.5052
-0.247422
6.04567
-0.418642
-3.58509
-0.256417
-2.21407
-0.582255
-1.64912
-0.514652
1.94757
-0.0801714
-0.881343
-21.7782
-0.240204
0.33793
0.010472
-5.32681
0.662007
-0.794711
2.65111
1.021
-18.2161
-0.621565
-2.73189
-2.81838
4.05479
0.503977
5.15418
-1.72853
6.4171
-1.55588
0.382899
1.9613
-0.909715
-1.22959
0.944335
1.3436
-0.270629
1.08695
-0.593853
0.314033
14.1473
-1.74394
-0.451478
0.525148
2.21386
-0.152851
-1.19752
-0.354154
5.33662
-0.977626
-0.0670655
-1.89781
1.92009
-0.0498174
3.73813
0.103678
1.22927
-0.0867206
0.136909
-10.6157
3.18623
-4.41659
0.0982879
-3.92275
-1.36964
-1.16103
-1.2427
0.2145
-1.3043
1.15039
-2.09511
6.58068
0.297685
-6.02475
-3.94027
-17.5667
0.0146755
-0.634836
3.1417
-0.275114
-2.87849
1.07633
-0.680635
1.02179
0.201395
-1.84711
1.39045
2.47347
-1.09746
3.27788
-0.0118459
-0.117931
-1.73905
-1.83966
0.557792
0.726885
0.190946
0.402816
1.05463
-0.462453
1.31925
-0.895934
-4.45269
-0.493308
0.207285
5.285
0.374262
-1.57876
2.67999
0.350544
1.39112
0.540881
0.137269
1.8062
-2.59802
-0.18409
0.192306
-0.41152
-21.4471
1.64923
-1.21701
-0.360656
-15.891
0.665949
-0.323859
5.46976
-0.759719
0.847396
-3.96766
-0.439129
0.755349
-0.180646
0.947639
0.67087
-1.59965
3.33705
-0.139322
-0.849215
-1.51193
-0.873317
-1.38935
-0.907829
0.026649
0.705357
-0.422571
1.12731
0.466753
1.1158
-0.317092
0.591697
-1.79711
0.675519
-1.65509
-0.222304
0.880368
-1.48373
-0.721201
0.164036
-0.708815
0.366741
-2.39457
-0.0569412
-0.0896984
-0.0407058
0.618342
-3.44819
0.354875
0.482374
32.3781
0.788492
-1.12575
0.0386059
0.658564
0.427746
0.497084
-3.04156
0.210081
0.270279
-1.21584
-0.192806
0.242067
-1.23312
2.1857
2.29085
-0.889739
0.113641
-0.0639145
0.280117
0.0760175
-0.577433
2.73909
-3.26632
0.288801
-0.708278
2.56958
0.293915
0.321972
-1.85489
-1.38513
-0.831379
-1.96242
3.36375
2.04725
-2.59602
0.936275
0.28687
-0.599718
0.300003
-0.613776
2.64969
-0.623873
-2.26171
-0.0353489
0.349103
-0.552337
0.389429
-2.30655
-1.20449
4.05892
0.545348
0.044976
0.240986
-0.296104
-1.32882
0.113979
0.297459
0.0410748
-3.96443
1.06598
1.52639
0.58784
-3.10191
2.13734
0.138494
-0.387132
1.17487
11.4506
-1.43491
-4.38354
3.26716
-1.54994
-0.632957
-0.115105
0.69829
0.49566
1.16986
0.235365
2.13502
-0.0719469
-0.855553
-0.375794
0.480679
-0.711078
3.5676
7.27825
25.6025
-0.893681
-0.14054
-1.96904
5.2143
-0.717392
0.0796661
0.471292
-0.190637
0.590368
-17.1287
-1.35543
0.515476
-1.37307
-1.69
-7.41502
-0.125572
-0.571947
-0.583872
-0.863881
-0.513196
-1.06719
-1.09277
0.67209
3.89291
-0.534839
-1.27324
-4.19172
1.87833
0.491124
1.32989
2.41389
-0.576204
-1.10519
-3.81708
-5.25413
0.372316
0.259851
-0.299071
1.82464
-0.0291436
-1.67534
-1.57944
-5.30094
-3.37331
-1.20266
0.237109
-0.679944
0.230531
-0.214623
-0.0250762
-1.30037
0.255562
4.11368
-0.758604
-0.191234
0.722122
-0.290248
-2.39365
-0.163344
4.03752
-3.06706
-2.37652
-0.530008
-0.715355
2.72942
0.432699
-0.762866
4.16614
0.480822
-3.59709
1.41345
-1.91315
-2.03564
-27.8926
-3.18861
0.304267
-3.7255
13.8214
0.328246
-0.00822511
2.28238
0.184771
0.0658517
-6.16111
0.158147
1.22326
-0.486373
-43.166
-15.7949
22.9533
-2.43103
0.308496
0.850095
-0.725072
0.51526
-0.14496
-0.246071
-0.102049
0.343537
-2.22818
-5.49439
-1.03447
0.126438
0.204555
1.11116
-0.221413
-0.120256
-3.70142
1.39814
0.389659
1.27279
-0.0548391
-0.114417
0.130311
-1.14044
6.48886
-0.735292
18.8787
1.12268
-0.393761
-0.23108
-1.02247
1.16019
-0.249525
0.360085
-0.0854533
-2.54567
-1.23008
-2.50744
-401.616
0.459009
4.05389
-4.44737
-1.08134
1.37401
0.198704
3.32154
-5.81582
1.04071
-0.601145
1.34668
0.101274
-1.26163
0.393703
0.296631
-20.332
-0.0226152
0.346741
17.0869
0.363723
0.210465
-3.2134
-3.56381
3.11535
-7.72834
-0.652019
-1.83208
-0.0821826
0.499918
1.39445
-1.27421
-9.5701
3.67804
0.0238313
-0.616136
1.69883
1.61412
0.211657
-0.516548
-0.692174
8.1915
42.6731
-0.0830325
3.97761
0.286817
6.38025
-0.911317
-0.778475
13.9962
19.917
0.688743
0.10455
10.8668
4.00978
0.12159
-0.479367
1.36586
-0.982785
-5.43955
-1.20613
-0.359198
-2.16806
-2.12203
-0.036151
0.507251
0.984038
-0.846216
-0.194567
-1.31845
-1.17471
-0.300094
0.0609251
1.2758
0.548928
-1.51916
-0.320444
0.239473
-1.68276
4.98639
0.0659169
0.698741
-3.27419
1.261
5.62715
1.62437
-0.0568008
-0.816971
-0.915854
-0.60046
-1.25832
2.36777
2.30889
-0.326952
-0.102189
0.829838
-1.39007
-0.706852
-0.226237
-140.656
0.287114
0.0212709
0.330704
2.91404
2.70193
-175.84
0.258606
5.27814
-2.74893
-10.9491
1.03188
-0.359677
-3.17852
10.7799
-3.75442
-5.23273
2.47427
0.115061
-0.857741
-1.41081
-0.512436
0.223454
0.434201
-1.58033
-0.922982
0.174471
-68.0977
-0.817315
0.856115
0.350635
-1.13208
8.74359
5.05554
-0.462118
-1.39098
-0.699592
-2.29026
-1.78868
0.0723275
0.619787
-2.76569
1.68548
-0.4672
-1.07883
0.643288
0.260901
-0.820007
-1.12761
-0.185457
-0.541734
0.181783
1.01805
0.683959
3.36297
0.403657
1.66859
-1.53125
0.252044
-2.94428
0.604839
-0.279035
-4.80786
1.20915
0.111577
-1.241
-0.143015
-0.0640154
0.875815
-6.47508
2.45653
0.44176
-0.153548
0.957721
0.258077
0.496944
-0.679941
-0.604273
-5.36453
0.280659
2.56418
16.496
0.497251
1.50196
-7.93557
0.498503
1.66123
-0.458403
2.65022
-0.319848
-1.23428
-2.67276
1.86572
0.423791
-1.58096
-57.1234
0.0598779
0.416511
0.865746
-2.94731
4.10552
-0.673108
1.2857
-1.8129
-0.57133
3.15406
0.324138
0.210117
-0.664553
-0.112789
0.523881
-0.702618
1.14932
0.0164294
0.181869
0.275177
0.37827
0.485778
-2.41512
0.971274
0.700511
-3.62028
-1.21371
0.125587
-0.647057
0.12159
2.43814
-1.23573
-0.988143
-0.385318
-0.509419
2.32515
-0.0642381
0.127868
0.786351
0.715785
-0.999112
-3.17215
0.618105
0.150599
-4.82726
0.323956
-0.291977
-1.10437
0.822805
2.67721
-0.432015
-2.54216
1.88804
-1.72008
0.396443
-6.33995
1.44932
-0.499352
-0.034493
0.87346
-1.48218
-1.11572
-0.0621493
-2.0457
1.13681
0.369566
0.370033
-1.37388
-0.638451
0.641344
-1.53778
-2.26004
0.698378
-0.461884
2.22029
154.673
-2.49634
-2.14617
-0.416745
3.29321
-0.127936
0.471053
0.0848094
3.42374
0.236931
-11.2672
-2.07615
0.0643977
-0.852602
-5.51933
-0.71487
-2.37618
3.242
2.80977
-0.147063
2.47878
0.806507
0.240418
-13.9295
-0.403371
0.473241
-0.635216
-0.639125
-0.982321
-1.53989
0.250671
-2.95235
3.37416
-3.99754
-1.11467
0.0107737
0.617734
-2.03888
-2.71581
1.07926
0.51368
1.25539
-1.31504
-0.655096
2.16968
-0.559946
-6.36752
0.640875
1.14866
15.3868
-0.714381
0.622493
0.0241306
-2.67352
-0.564576
0.799439
0.242331
4.30451
0.949934
0.269161
-0.636231
-5.60912
-0.980836
0.498611
-0.179872
-9.35428
1.91802
9.85647
15.4357
-2.27444
-0.260745
5.02129
-1.35779
7.52267
-0.304012
40.401
2.41945
0.422904
-11.0797
-0.889703
-4.90656
1.37832
-0.344428
-5.48826
0.0390339
0.64389
0.569157
1.33867
-0.180791
16.5803
8.37571
-2.59641
-1.06151
-0.975104
1.71996
5.31369
-5.83565
-1.63927
-7.21558
0.174739
0.274856
0.16159
-0.0545
-1.38106
0.555534
-1.25008
4.86645
-27.8127
-4.72786
1.5227
1.81632
0.683843
3.29241
0.0597508
-1.64384
-6.26421
4.41064
-1.3948
-0.686354
-0.931831
-1.14212
3.5473
-2.11172
3.11365
8.68571
-0.166552
0.343259
-2.52786
4.26428
-0.0559621
-0.933581
-0.464221
0.302021
0.279406
0.906903
-0.115395
-4.69943
0.752677
0.387578
11.6414
0.590576
-0.851138
0.365986
4.91362
-0.217904
0.268957
-9.25559
4.84135
-0.616026
-0.841722
0.152072
1.85209
2.10631
0.888399
-5.69516
-0.602395
-0.0476377
0.219725
-0.559066
-2.70145
-0.719935
-7.55771
-2.49222
1.83352
2.40682
1.01257
-0.305347
2.36281
0.805241
-0.708694
-7.06976
-13.8087
-1.25074
8.55362
-0.538441
0.144881
-0.355293
-0.282558
-2.31557
-5.24452
-0.911031
-0.994453
-0.0819629
-1.4884
-0.634542
-0.868789
2.6554
-0.771687
2.12728
0.0978806
2.46647
-13.296
0.759583
0.385378
-2.15926
-2.98818
-1.72544
-0.371377
0.965742
-0.932046
2.72586
-1.87834
1.14725
0.910835
0.485182
-0.0420289
1.21325
-4.4589
-0.999861
-4.32819
-2.1965
-1.11016
0.670064
-2.52198
0.011306
-0.862111
0.610435
2.66505
-0.202993
0.652129
2.86647
-60.321
0.854811
0.620084
0.332988
-3.71424
60.3599
-0.221115
-0.536102
0.0341441
-5.62426
-0.447197
-1.78569
1.08581
0.249582
2.72527
-1.0738
-2.08968
-0.107304
0.39248
-73.9675
-0.332994
0.89226
-0.978625
15.0139
0.587935
-16.1197
0.131669
0.661297
-2.72068
5.38982
10.3176
6.61833
1.21111
2.4229
-0.74089
0.888231
-10.3272
-0.908514
-0.853762
-0.292297
-31.7859
3.38527
-4.87911
-13.7762
-3.57007
0.173992
-2.13618
-0.576161
1.39367
-2.6208
0.83992
0.83431
-5.47776
-0.161114
-7.18702
-0.025472
-0.834075
0.448602
-2.02555
-1.1579
-0.192494
-6.55186
-2.02716
0.0171793
0.0211259
-24.4957
-0.577351
-0.839149
1.06471
1.89888
0.983912
1.61342
0.76328
-1.55744
0.443937
1.88128
-0.241477
1.49231
0.813135
-141.812
-0.978654
0.797488
2.06708
0.785047
0.708535
-1.01395
-0.458867
-0.233701
20.471
-1.54755
1.11415
0.271332
-0.650627
-42.5232
-1.01452
0.176586
0.722704
-1.39614
-0.0651054
-0.423651
-4.99194
-3.25004
-0.378121
-3.2577
0.187088
0.027964
5.80276
0.437959
-0.143876
-0.934053
0.71902
0.482977
-2.9265
-0.363503
-7.90826
-2.2211
0.865967
-0.546262
3.74382
0.334606
185.088
0.0611981
0.534384
6.28596
-23.0546
3.06997
4.93499
-0.536359
1.22345
-0.598411
-0.557889
-3.74524
0.880939
1.37153
-17.0452
-0.521388
-1.13333
-0.456928
-3.11577
0.675261
0.577487
-1.02942
0.511153
-0.0389148
5.38127
-1.68177
0.681387
1.72114
-1.93178
1.03311
-0.3802
0.11028
-0.175159
-0.581313
-1.81331
-0.569202
-0.0848432
-1.60394
1.47254
-0.92046
0.0363257
2.77674
-1.80341
-13.9881
0.380719
-0.658377
-2.54693
-26.7274
-0.691657
-8.11437
4.45295
2.61814
0.641625
-1.4564
0.274307
-0.0590923
1.88421
-0.276672
0.121183
-1.03289
-0.159644
1.61508
-0.560687
-1.81355
0.567509
-0.553849
2.15004
244.199
-0.956672
5.30293
-0.802539
0.956493
-0.484934
-8.43521
0.000155976
-13.7753
-6.87291
-0.422795
1.67021
1.9127
-0.317128
0.941498
-0.248343
-3.48631
1.05712
-4.03776
-0.494045
-3.48354
-1.3934
-2.61594
32.7065
-1.95776
1.87814
90.6821
0.425767
0.687716
1.28378
25.5868
1.62135
-0.287877
-3.20957
4.22889
1.93559
1.69379
-2.04667
-16.0013
-0.0890772
2.31096
0.717
-3.11622
-0.706168
0.053383
-0.555558
14.052
1.36269
-0.422685
-0.882053
2.29618
0.132477
-0.648902
1.75825
1.11704
0.478039
0.548263
-0.771848
-0.303133
2.27127
1.80117
-2.04311
3.37437
4.42318
-1.03427
4.40171
-1.99419
0.939404
2.14906
0.638902
62.4986
-0.538286
-0.739714
-12.4358
-3.96641
-0.218502
0.0898643
1.15313
0.855279
3.82968
3.91048
0.23463
-0.767807
4.00005
1.37404
-6.58104
-0.102396
-5.15968
0.763795
-2.43257
0.0677341
-5.16193
-0.97813
-0.0719462
1.05911
-7.95487
-0.127262
-0.511358
14.0157
-11.659
-11.9077
-0.676155
0.387097
-0.14594
-0.0259597
0.464455
-0.458393
-1.45245
-0.993151
-1.12151
1.94476
2.52378
0.631901
-0.200801
0.271706
-15.4215
0.455671
-123.998
-0.0902645
-0.185746
-15.6174
-2.87112
8.19978
-0.751917
1.11323
1.14878
0.971596
0.456224
1.13903
-3.79448
-7.37364
-3.46192
-1.06879
7.23106
-22.2993
-0.779182
2.59759
0.460481
1.33367
-0.531251
0.0346072
0.410232
-0.396983
-0.694723
0.139404
3.04019
0.497852
-0.20871
-0.439299
-1.67441
5.34588
0.749094
-0.0548025
-4.76147
0.0217525
1.04067
-0.21375
-0.481461
0.210902
-0.8
2.73151
1.12988
-3.27153
3.12693
0.845501
0.494517
1.56438
-2.81181
2.81347
-0.599284
0.122329
-1.6582
-0.00245329
0.142279
-0.108766
-3.27039
1.60366
-1.60173
-0.289658
-7.23497
-0.0306345
-0.393235
-0.483675
-0.350625
1.7394
-3.93001
0.478451
0.350077
0.876708
2.25446
-1.13075
0.554662
5.13142
-1.04848
1.01863
-0.562746
10.3096
0.452035
-0.866378
0.917712
-2.63691
4.31361
-2.68944
-0.521159
-0.854592
-6.26929
0.0187819
-0.332239
0.589221
-0.971018
2.57715
2.21995
-1.14927
1.97882
-1.29176
-9.84373
-0.105369
-1.6145
0.501368
-0.852838
0.0113046
-6.64123
0.288794
0.0246886
0.556833
0.400265
0.158604
0.969795
-0.275452
0.54775
-1.24563
12.7644
0.0235726
1.31844
-0.400428
-3.06188
4.80932
1.08987
4.59986
18.0171
0.823759
-2.01419
-0.594386
2.50744
-0.259156
-2.15825
-0.489514
1.61315
1.54449
-0.262195
0.467878
7.21823
0.29205
1.18767
-3.07731
-0.141867
0.294625
-4.58796
0.0860194
1.32857
-0.887481
0.127679
0.247375
-1.75975
-0.335102
2.9223
-0.518189
1.20157
-0.130451
2.62517
1.37551
45.5677
-0.34162
0.663012
-0.938297
0.298115
0.496711
-0.619903
-1.12761
2.89069
3.04458
0.48347
1.22323
3.80593
-0.0330086
-0.451892
0.125637
0.509786
27.8821
-0.475725
0.711687
-2.4823
-2.95093
-1.13018
-2.66278
0.558451
0.377218
-0.78196
-1.59174
-0.394894
0.141724
-0.0301797
0.192608
-4.23373
0.308854
35.6476
0.785971
1.02965
0.493816
0.566635
0.101805
-0.653686
-0.0627706
0.0730274
-0.453219
0.38018
0.0934882
0.754914
-1.65629
0.339667
0.611474
-0.313223
0.815853
0.295414
0.0151697
-0.166747
0.542372
989.329
-3.59963
-7.53429
-0.21701
-1.72828
-0.0742398
-3.58982
-2.90637
-2.44799
-5.42504
-0.0577176
8.81462
0.205663
3.06036
-0.0151776
-72.6043
0.663362
0.0566598
0.363993
-5.48056
-0.0818185
1.17353
0.772696
-2.98682
1.66785
0.947579
0.352111
1.23164
1.09257
0.444791
-0.620847
-8.66252
-0.035901
2.49926
-2.39576
0.395963
0.234547
-14.1013
0.53129
0.306707
6.7893
-0.311006
-0.701696
1.01658
-0.263972
2.11763
-0.397505
1.10343
-0.0698451
-1.04073
0.19762
0.58138
-2.2484
-0.633983
1.05005
-3.4056
1.21265
9.6432
-1.556
-1.36905
-0.286645
-2.79846
2.16252
-0.374367
1.0566
1.80188
-8.09823
2.63349
0.855552
-6.54056
-2.19803
1.57468
-1.07187
-9.28517
-3.68788
3.20489
0.329466
0.507074
-0.20468
-0.980016
-1.68898
-1.78299
-1.37328
-12.6912
0.0199735
-0.540138
15.6034
3.15642
-1.98594
0.151581
0.779831
-2.36577
-2.15331
0.227966
0.472085
-0.79423
1.73747
0.438007
0.317561
-0.94609
0.00454376
-1.66108
-0.259772
-0.643586
0.801143
-0.107628
-31.031
-0.614644
6.19194
0.698073
6.89871
1.57914
-1.10648
-1.08961
1.4861
-2.44207
-4.26548
0.0827482
-1.24171
-0.522218
0.348921
-3.71842
0.820687
1.33348
5.05233
-2.2559
0.322328
0.412921
-0.718647
4.81248
-0.45831
-0.969489
-0.508378
-2.05119
0.266522
0.571902
0.451914
0.604478
0.309325
-0.316955
-2.55659
-1.02017
0.461204
2.66849
0.41492
1.11926
0.432054
1.6212
1.93055
-1.85468
-0.672648
-12.4408
-3.89647
0.075366
0.885114
-0.819548
0.637123
1.55136
-1.51962
-0.439215
-1.14239
-0.802885
0.0280882
0.00416884
7.92644
8.31282
2.4987
2.16371
-1.72105
0.888561
0.89682
-2.40785
-0.936101
1.24983
3.23983
0.132105
2.36254
-6.4282
-1.42566
-0.476424
3.2042
1.15802
13.0322
-1.71664
-0.193035
0.821886
0.0850054
-0.207993
0.357718
-0.983694
0.425237
-2.95027
0.173592
-0.584686
0.952154
-0.744152
11.7045
-0.224706
-7.77673
1.05852
0.132317
0.219426
-0.617802
26.9571
0.761609
-1.67849
-0.136352
-0.609363
7.16916
-0.575105
-17.5329
-1.35958
-0.520467
-30.2622
0.119269
3.05988
0.716487
-0.522968
1.07247
0.885986
0.088218
-1.93444
-0.781671
3.3734
-0.0304408
7.89747
0.324796
13.8304
-0.336712
1.40449
7.61066
1.01569
0.945551
7.338
9.08393
4.57762
-1.64366
-2.63855
-0.517546
1.50066
2.68541
1.36269
-0.312636
-0.415342
0.886542
0.571975
0.0388088
-0.0144922
-0.761658
-0.0304077
2.18239
-0.136502
5.877
-5.24815
-1.92171
8.85705
-0.667596
-1.35235
-2.30834
0.244082
-0.769045
-15.1134
0.208407
-0.706858
2.42125
0.459819
-0.237586
-1.00686
-1.70405
0.722536
1.28467
0.269828
3.31859
1.77114
-0.132706
5.01315
-412.886
-0.183635
16.5581
-0.559589
-0.546503
-7.30381
1.01839
0.765025
1.32168
-1.34976
4.47681
-0.0859592
3.80479
0.91118
0.584656
5.86819
-0.388368
0.240005
-1.0646
-0.85183
0.244348
1.75987
-2.46932
-7.28032
-0.673106
0.514203
-0.207617
0.0280137
0.162647
-1.63403
-0.0599221
5.0246
-4.26021
-0.33293
1.0734
0.932659
-1.27361
0.68653
5.37461
0.41836
-1.04618
-1.25986
2.27078
-0.342669
-0.148627
1.05751
-2.08647
0.0745217
0.611082
3.92904
-0.421019
0.912075
1.96094
38.3902
-7.80663
1.2364
1.83303
0.0910485
-0.55664
1.2719
0.623358
-3.80433
-3.18883
0.932585
2.35594
1.64692
-1.30927
-0.311821
-3.88755
-9.17017
-1.0683
1.23592
-0.973175
2.0069
-0.0179934
-0.679738
-0.359291
-0.104
-1.40728
-16.0638
-1.49491
0.273633
-0.843824
-17.4306
3.65116
-5.69318
1.86206
0.190723
20.0832
17.1515
-1.14364
1.30937
-4.91934
-12.4635
1.21209
0.366842
0.767639
-0.712635
-1.33636
-0.422625
1.09062
0.784162
-0.0315716
0.867461
-7.48702
-3.38734
0.761892
8.02696
0.278912
0.0596344
58.6576
0.000656093
-8.67133
1.96395
-7.878
-0.118103
-0.854488
-0.596399
4.12657
0.567061
1.40433
4.31008
-0.605751
0.244181
-2.09501
5.03998
-8.89105
0.788696
44.8504
-0.0232247
0.0135017
0.387778
-1.31874
-0.625504
0.573271
-1.95866
1.29504
0.592185
1.79511
0.369007
-0.52267
4.10939
-0.845144
0.851576
-0.239828
1.41949
2.62028
0.348678
1.34229
0.812237
1.32795
-0.805364
0.0587441
-0.186
2.32351
-0.60555
0.422166
82.022
0.685978
-0.314682
1.1289
-0.316057
-0.858056
0.299526
-1.21472
2.43539
-2.37467
5.60638
-1.8589
0.827988
-1.02657
1.59723
2.23241
2.10891
2.41783
0.819496
1.39807
0.046972
-3.34259
0.372752
0.0602488
0.0645377
-1.27934
-0.394107
0.690249
-0.694866
-20.2163
-24.9191
-1.25718
-0.406864
-0.575552
-1.8611
-4.38542
10.5504
-0.460907
-0.344394
-1.3561
0.0262476
-0.563308
-0.0634679
3.99061
-0.185859
1.38936
-1.49625
-1.10348
0.51107
0.131004
1.26827
0.0054525
-0.829359
-11.7149
0.530919
-3.54566
-0.204574
0.57514
-18.8379
-1.88604
-1.03217
-1.25441
0.203541
0.0326086
-7.48125
1.7318
-0.374524
1.21208
0.854865
-5.03718
-2.01196
3.35851
0.128717
5.68065
-1.82467
6.14558
-2.0916
16.8192
-1.35539
-0.957684
1.97932
-0.0382041
-3.06423
13.6867
-0.265787
-1.50838
-0.071029
0.162622
1.21001
1.95987
0.456164
21.5874
-0.234692
-0.909737
-1.18132
-0.336776
-0.295045
0.770569
1.16741
-0.771639
0.267337
-1.52991
-0.441391
-1.23754
0.867414
-34.2198
0.0567829
-19.9384
-3.23312
10.7521
3.30582
0.332746
-8.11406
1.3599
-1.28684
-1.38096
-1.13539
1.24434
-0.39803
-36.4049
8.26309
1.05811
-1.6092
-0.403209
0.095745
4.28855
0.659317
2.72529
-0.215552
0.183459
1.37295
1.98484
26.4051
-3.29789
1.52897
0.137622
4.61482
-1.00736
0.155538
0.219946
-0.164072
-1.48702
-2.07484
0.335886
-1.14454
-7.22358
0.233534
3.05818
0.687972
1.71831
1.55635
4.77864
-0.256424
-0.169953
-0.24902
-1.5253
-0.0636965
-0.379058
0.0390765
-0.437546
2.01158
-0.358927
1.88234
-1.7546
-1.56966
0.0220066
-0.141854
-1.05252
0.127206
-64.6074
21.9485
1.94604
-0.298226
-13.8975
5.43443
-1.16791
23.5156
-0.209396
3.70655
10.9767
6.03217
3.46196
1.60178
0.280459
7.16025
-1.11687
-1.69822
0.76946
0.22035
-3.7206
-2.43828
-18.6531
0.682777
-0.543911
-0.607437
0.279099
-0.860243
-7.80514
3.13023
-5.41979
-4.42914
-1.00412
-0.660012
0.263563
202.737
-2.49724
-1.49897
-0.0603403
0.0562378
-0.167669
-1.07477
-0.858465
0.417832
-1.16385
-1.82623
-1.95916
-0.337139
5.8
1.78712
-0.493641
7.31622
-0.415558
-0.646522
0.601011
-2.28278
5.15325
-0.749545
-0.301706
0.117617
3.35902
-0.0910305
0.396341
0.405743
-1.0124
-4.12195
-0.188614
-1.66369
-3.53987
-0.513531
-2.32472
10.9276
11.0001
0.595071
0.371304
0.913162
0.994248
2.74243
-4.59083
-0.960406
1.03952
-0.0376314
-10.658
-0.81155
11.3996
1.01754
-5.78232
0.78945
-1.8121
73.3526
-8.80495
-0.854559
0.0774188
0.32936
-0.0468979
0.613089
0.197497
1.10728
-0.205715
-3.38503
1.06442
-2.20708
-3.71498
0.644197
10.3273
0.488416
1.45267
-1.97325
-28.5671
-0.952818
-0.295513
-50.2981
-1.3411
-2.71823
-1.32545
0.321821
-17.727
0.656803
-0.485278
4.1295
-1.21398
-0.0490378
11.093
-0.359282
-0.389948
-0.444366
-7.40786
0.749746
8.38474
0.591156
-0.604898
-1.08004
0.911453
-2.75999
-0.592844
-4.33871
-2.00262
1.1501
-1.25129
-0.224823
-0.00757844
-1.86194
0.712528
0.462086
-0.0375898
-3.87777
0.129607
0.0640412
8.46293
-1.7442
-0.0786018
-0.475848
-2.78822
5.69609
-0.164559
-0.721866
0.504717
-0.252058
0.585754
-0.179155
0.134704
1.23612
5.60796
0.496452
-0.163346
-0.0287631
1.0941
0.217041
1.4342
0.560046
-1.94508
-2.61398
-0.0399299
1.09064
2.28122
3.00461
2.27784
-1.25711
-0.950935
-1.09439
-2.29345
-5.09201
0.141784
1.05279
-2.7415
0.27028
-1.49472
-3.6197
-1.08725
1.83971
5.2069
0.670282
1.04993
3.03073
0.425985
11.25
0.441007
0.133636
0.47578
1.39484
-2.42498
1.60952
-1.11325
1.38516
0.573541
0.300334
0.47392
-0.759922
1.79127
-0.549223
-0.913869
1.18204
-0.0605765
1.67911
0.823241
-4.77321
20.8173
-2.13875
-0.0984261
0.180397
2.25298
-0.525821
1.18261
2.5759
4.58689
-1.08673
0.163611
0.814253
1.23514
0.0254852
3.42938
-1.02474
-0.290632
1.77454
-0.522544
2.95157
0.395893
3.73708
1.98995
0.462832
11.4303
-2.14486
-4.89843
20.9635
8.49851
0.672238
-0.679714
-0.47548
1.61903
-3.37063
-0.929409
-0.608562
-0.156946
-3.03859
2.73629
-0.344201
2.22425
5.77706
-0.648111
0.397582
-0.580118
0.803698
-0.799454
2.8812
1.00599
0.588903
-0.671267
-0.375119
1.15007
1.7133
17.6135
-1.00321
-0.0713666
-3.74988
4.61626
-0.84319
-0.13421
-1.964
-0.928338
1.77352
0.401208
-0.237373
-1.25927
0.800166
1.63879
1.0143
1.87455
-0.32149
-4.11483
16.8896
-1.2073
-0.206248
-1.27101
2.84852
1.05078
0.532584
-2.48547
-9.41575
-1.36188
-0.904904
-0.940777
0.314817
0.70145
-0.142076
-0.154836
-4.1977
0.811093
-9.61607
2.191
2.07061
0.839333
12.5497
-1.47309
1.73031
2.30666
-8.85744
8.55133
0.627338
-0.398187
2.33795
4.88741
0.103165
1.37082
0.703702
0.00930781
-1.9822
0.273621
-1.31583
-0.953793
-0.802267
0.915834
0.242717
-1.39593
-0.239547
-1.03572
-0.360597
0.432142
2.43943
4.76094
1.49824
-0.375214
0.418843
-3.56423
-0.92976
-0.065961
-0.677253
2.43208
3.20658
0.336609
1.57917
-0.0459706
0.0765235
0.257174
0.0570164
0.237376
1.38281
-4.95265
-0.629944
-2.26572
2.00802
-1.52691
6.39547
-0.563972
1.23446
3.57008
-3.20883
-0.518878
-1.75877
-3.10182
-1.30719
23.4569
1.59635
-1.22642
1.26296
-0.0620409
-1.10054
0.880473
0.689706
6.19739
-71.3701
-0.470732
-0.355877
-1.74595
0.837704
-20.6531
0.657644
4.00388
-0.324016
-0.0887305
0.587744
-3.86482
-1.24198
0.308093
-0.38542
0.174581
0.031171
-0.771534
0.547855
-0.689871
1.83303
-0.364343
0.74468
-0.152335
-35.2775
-1.03027
-0.814062
-1.4468
-17.0773
0.939462
4.31739
1.31309
1.25835
-0.23784
-0.686248
4.27422
3.00443
7.24545
13.6407
3.36853
3.97587
1.46875
-4.51368
0.844254
-1.02159
0.369991
-0.865252
-0.392115
0.223943
1.122
-2.68968
0.157666
-2.91142
-6.28694
-1.66832
-0.213145
-2.05618
-0.394539
2.43841
-0.435396
0.102304
-0.0703962
1.23755
1.71047
0.925749
1.45401
-1.0137
-2.05517
-0.693074
1.54483
1.73882
-0.483264
-0.348503
-0.421467
-3.01034
-0.0678457
3.31401
0.0837117
1.05054
1.6077
-0.347783
0.953022
0.987206
-1.55102
2.1433
-0.0438089
-0.27849
-0.516671
1.01051
-0.20127
-0.951906
-1.15308
-0.791857
-1.77902
-0.0882204
0.527397
5.71942
-0.018174
-1.49993
0.334084
1.47323
0.488903
0.481377
0.376031
0.406724
20.0828
-3.96769
1.18227
-1.25532
0.45936
-0.621768
-315.826
-9.67916
1.94668
0.294824
-0.599034
-0.72248
-0.940389
-4.8742
-1.62747
-1.35817
-1.42108
2.21809
0.73208
5.00114
-0.151541
0.109619
0.346565
1.88039
-0.0139428
0.739466
-12.7867
-1.62602
1.11601
-0.505848
-0.281615
0.337315
-0.865625
-3.0908
-2.42083
-0.410446
2.74682
5.06131
-0.26698
0.771137
-0.453791
-4.06369
5.18601
1.52181
-2.43143
15.1236
-0.565922
-0.0797571
-0.555758
-1.29506
4.2843
0.590071
-0.675398
-0.477216
-0.0228892
-0.131164
1.84762
-0.746603
-1.3266
0.602655
0.4835
0.352067
0.846943
-1.52458
0.776326
-0.337788
0.52339
0.00638526
-0.0410649
0.58987
53.8573
0.18218
-0.837425
4.40089
0.290619
-4.35085
0.0431063
0.780222
0.246577
0.638503
0.293319
-12.1539
1.43215
0.243429
-4.43444
-4.96167
-0.762711
0.732885
0.456273
3.05997
1.94286
-0.0266592
-0.650625
1.66565
0.654364
0.512996
-39.0731
6.09332
0.178807
2.61919
2.12648
-0.717881
-1.33331
-0.0523988
-0.147768
-0.416845
4.65857
-0.266049
-1.373
4.08975
-4.42656
1.0986
1.30258
0.579216
0.537653
-0.499228
-2.35067
-0.275883
-0.71151
0.537214
8.52556
-0.0416298
-0.125344
0.218984
-3.36557
4.63148
-0.106545
0.220351
-1.40563
-6.48436
1.53015
-1.83302
-11.2681
-0.0122113
0.482289
0.339739
-0.31375
1.10261
-10.3845
1.70148
-5.77779
0.453585
1.32532
-0.180149
0.847101
-1.20406
1.5636
2.32112
1.12492
-15.3458
-10.9527
-0.337323
6.62746
0.776922
-10.5057
25.0829
0.828261
-1.05122
0.13728
-0.68066
-2.91725
-1.52077
2.23813
-0.000341766
1.47527
-0.0679749
0.588957
-1.44628
-0.663166
-0.42668
-0.135317
0.735372
-0.434762
0.111179
-9.60715
88.7992
2.2604
0.166409
2.23312
0.807604
0.950501
-0.162694
0.524204
-3.68625
0.275847
0.509436
-2.28244
-1.27
0.197769
-0.359199
-3.75956
-0.679935
0.157586
-0.231352
-1.41783
-0.0769483
-1.50003
4.07817
4.69719
1.95114
-1.37177
-0.00901097
2.40986
-0.381197
0.0160287
2.70922
-8.1931
-8.13963
0.408887
0.767434
-2.00945
-0.254085
1.46505
-2.52854
-0.156331
4.6557
0.595677
0.101047
-1.08675
-0.680781
-1.64928
0.167847
0.379827
-0.144416
0.146527
-0.659962
-3.7014
3.4247
-1.38439
0.0539854
-5.61272
-7.68719
-5.71068
-13.5824
-1.16113
-0.698381
0.281329
-0.228623
-3.1095
-0.52848
2.4726
-0.564986
0.616343
0.640628
-1.26561
0.282068
0.4135
-0.401562
-0.522628
-0.656152
9.40889
-4.00594
-2.23422
-11.789
3.81218
-3.33962
-2.48709
0.649804
-5.82525
0.686716
0.379792
-4.6571
-1.61754
1.67289
5.95834
-0.398383
0.12037
-0.530802
-1.57092
0.288419
0.255587
-1.19153
-0.391308
-13.8969
0.225114
0.606058
-0.122704
-1.09676
0.933294
0.313686
-0.575972
1.49171
9.89524
0.310675
0.445212
-15.1795
-0.152932
-1.52754
-1.41388
-7.49937
-0.457487
-2.42861
-6.88918
-0.532226
-1.26856
-0.438807
-0.386859
-0.412658
0.187425
2.78189
-2.19253
-0.263176
0.905471
3.99204
4.43303
-18.766
-0.861053
-3.35546
0.453252
0.396174
69.3751
1.39472
-0.494494
-11.5055
1.17292
-3.26098
-2.33467
-0.408382
-2.30245
0.0737904
-2.01631
-1.50133
-1.50621
-0.0383491
0.775522
-4.89087
-0.136147
0.0216197
0.342196
-0.233837
8.57185
2.25094
2.26051
-3.52728
0.112878
-0.806286
10.1244
-1.59247
-0.295167
-1.61661
1.46525
-0.230201
0.179006
1.15101
2.12189
1.69615
0.59479
7085.46
0.235567
1.68441
-1.93511
0.788858
-0.421552
-10.2123
-2.0182
-37.7217
-5.87128
-6.12098
-0.862349
0.524215
3.80227
-0.228047
-1.35848
0.00832947
0.378255
-0.855786
0.257435
0.630345
-53.5628
-0.505463
19.9988
0.00962674
1.72709
0.261322
-0.525861
-0.175953
-0.153994
-1.19394
-0.202936
0.469946
1.33227
-0.92222
3.34577
0.905047
0.861791
-29.5114
0.798631
0.930941
2.70012
-0.0396011
5.17621
-0.803394
-0.13511
-0.180798
2.07239
27.5059
-0.550788
-2.67008
4.34211
9.58752
-1.74095
-0.112095
-3.14834
0.176535
-1.28316
-1.00363
0.720443
8.02555
-0.1546
-2.11288
0.410562
-1.09009
-0.252435
0.418974
1.51464
-7.58581
11.9382
0.657833
2.80522
1.40929
-5.95986
-0.0209981
-0.368987
1.44899
-3.76308
0.169464
-0.64434
-0.971455
-0.92198
-1.19394
6.38562
1.43324
1.59563
0.389215
-0.93128
-0.0642938
2.24923
-1.85474
-1.54627
-3.29506
-1.58187
0.372012
1.70736
0.754884
-29.3954
-0.296421
-4.87341
3.80021
-6.5516
-6.94846
-0.169013
-0.202977
-2.5575
0.594525
-1.83615
1.8395
0.551992
-1.50979
-0.301265
-1.3279
-8.21223
116.568
0.454013
0.152076
0.0793457
0.16024
0.822859
-25.4018
0.399745
0.88771
-0.403167
-2.71096
0.121466
2.66221
-6.95234
0.580297
0.164309
-0.0422774
-7.4844
-0.601564
-2.18002
-8.20998
-0.269577
-3.4678
-0.53555
-5.46423
-1.58349
-2.24955
-0.716308
7.90017
0.265339
0.455374
11.7411
0.974042
170.446
-3.33897
0.13741
-2.87555
-4.0915
0.813908
-2.94774
0.0567785
0.978752
0.516586
0.283857
0.815663
1.09502
-1.40363
-2.99348
-1.22707
-0.878591
0.346442
1.78309
-0.674948
25.3288
12.4105
3.30365
0.74039
-0.418706
-1.67136
0.0659494
-1.71846
-2.16326
-2.03043
0.0261749
1.08721
1.37159
-0.67529
-0.979615
0.0945795
-0.835522
2.7999
2.97554
30.3639
0.0860971
1.01391
1.20684
1.43394
7.0316
-0.998472
1.82301
-4.17754
-0.491458
-1.6062
0.824963
0.440951
-1.47961
-0.990287
-1.02114
2.74964
-0.0488469
-0.438166
-1.02694
1.40888
0.902291
-0.0674009
1.86886
0.573013
0.240701
0.873762
-3.52651
4.42061
2.58103
-2.07047
-2.81767
-0.320162
2.87361
-7.5388
2.6806
-52.9363
-7.44715
-0.591018
0.299613
-2.18649
0.749023
1.22921
-0.0398192
-1.59034
-3.3504
-0.687215
-3.28228
-2.42237
-0.134129
0.634961
75.7873
-48.7061
-0.0939154
-16.281
0.380325
-0.170853
0.017613
2.979
-5.25901
3.82397
-0.234471
0.926989
-1.50122
-0.156067
0.28793
-0.721093
5.52031
0.221069
1.18582
-0.0524012
-0.751968
-1.47897
-0.504715
-1.09608
-1.3509
-0.386843
1.32113
-8.54667
0.599537
-0.768003
0.711428
-2.55327
-0.129003
0.777645
-0.814273
0.259923
-0.258251
0.583726
0.232905
1.48647
0.677165
-20.3593
0.217384
0.926882
-3.77539
-1.68765
-0.833967
0.820341
0.215522
1.50285
2.75785
-0.210664
10.9355
0.311042
3.04713
2.64554
-0.770276
2.57686
1.43205
2.78401
1.26314
1.11935
-1.89105
0.0395993
0.955786
-2.50447
2.94254
-0.176216
-0.368603
-1.68768
0.487908
0.412852
-1.24821
-0.638539
-0.68681
-0.51804
-0.870903
0.0942073
-8.05141
0.796861
-3.62182
-1.44554
5.96227
0.794058
-0.904316
-0.558395
1.79228
-0.138068
10.5595
-0.198061
-0.254135
-0.149935
-1.06735
0.198625
-0.138479
90.0675
-0.562231
1.74294
1.85076
-0.743589
-0.45861
1.77906
-0.799692
2.19234
0.317447
0.663161
0.289581
0.670937
-1.64574
5.55347
-2.16313
5.62835
-4.89049
0.615083
0.859139
-0.464102
-1.0034
-3.06296
-0.316124
-12.6368
-1.22824
-0.814142
0.337653
-1.49017
0.134616
-0.757626
2.07317
-0.325449
-1.93738
4.75656
-0.967738
-6.85052
-2.47599
-1.89583
0.0932164
-0.799584
1.10999
74.2764
0.408619
-2.04923
-1.14633
1.56876
1.56511
-0.543005
7.27006
2.70681
-1.94338
-1.71203
4.57269
-1.00629
0.135872
-0.00263956
-12.5532
2.55981
4.62214
-10.2145
-0.983924
27.7177
-0.74733
3.14459
-0.553948
-2.61341
-0.736643
-1.0905
0.996723
-0.14511
2.83466
1.40512
0.00296146
1.34971
-0.198226
-0.201306
-1.41743
15.3753
1.04897
1.27422
-12.7713
-2.87812
0.970661
-0.0694358
1.09115
-4.59754
-2.38555
0.691198
0.27473
1.84726
0.467542
-0.333433
49.3457
-9.46765
0.242642
-1.15692
0.495321
0.360455
1.51489
0.505653
-0.676348
-0.222439
-8.60952
0.0622966
-10.0152
-0.758081
0.170626
0.527272
-0.36961
0.0907649
1.56803
1.01903
4.20583
1.76284
2.94946
-2.05367
2.0231
-0.939862
-2.63693
-2.37856
0.521228
-0.747511
46.4514
-0.00969872
-11.0128
-0.0952663
0.613711
-4.38697
4.6827
1.70088
-0.446744
-0.141284
0.565755
0.372742
-4.83152
5.40655
0.940352
2.06537
1.84577
-0.916404
-1.17026
-17.7039
0.886326
17.1569
1.01999
-0.978725
-1.06836
-1.01601
-0.555745
-0.525018
-1.11179
-157.717
1.68433
4.12257
0.218731
0.424962
-1.5646
2.05243
-0.722657
0.155217
1.02046
-1.10703
0.346831
-1.43633
4.19374
2.62333
4.29171
0.89104
0.935729
1.31315
5.78088
0.516858
-0.581036
-1.34612
0.23223
-0.574008
1.79067
-0.26415
-0.623667
1.52675
2.5236
1.27231
-2.35352
2.18995
-12.3399
1.20406
-2.7375
-4.85103
-5.70749
-0.902406
-0.452334
-2.38548
-5.7616
0.213389
-0.0861205
1.12094
1.00892
0.461583
-3.15757
-0.618519
-0.36073
1.89501
0.614564
-6.51407
-0.853473
0.573135
0.805785
-1.26532
-2.11102
0.521005
-1.18949
1.88166
2.63769
0.894598
0.111832
0.988837
0.929438
0.559454
-0.265311
0.945329
16.4422
0.509979
-0.45607
-7.22801
7.638
0.78461
-0.34193
0.658145
-1.38155
-0.890165
1.89414
-0.490979
1.83202
2.48403
-2.18536
0.526574
1.32158
2.26845
0.370897
0.641515
1.28039
0.0125445
1.22527
-1.61142
-1.39666
-1.17061
-29.6044
7.80774
0.11284
-0.116437
1.77054
1.13328
-0.749946
0.377339
0.671317
-0.542696
-1.44996
-0.805402
-0.326868
-7.79922
-0.409187
-82.1917
0.675281
0.373532
-0.0613982
0.278211
0.246263
0.556658
1.96481
1.03112
-0.551269
-0.712706
0.438727
0.335282
-3.74717
-3.98421
-0.0702552
1.13562
2.53579
0.626718
0.136365
-0.659865
8.8509
-1.82727
3.66435
-1.36116
0.649889
1.18564
0.564539
-2.38393
1.95237
-0.345348
1.57916
0.183888
5.08152
-4.47945
-0.3992
0.76501
2.98255
0.00217367
1.10216
1.54027
-0.434534
3.29716
1.49474
2.50642
0.927476
23.2736
-0.681714
0.794727
-0.699201
1.0825
3.26169
5.62849
-0.597458
-2.95787
-0.402898
0.312361
0.990658
1.24844
-6.28737
-3.25425
0.155389
2.13724
1.79725
0.287073
1.74131
1.32637
1.69734
0.126075
-0.249331
0.148885
0.696964
0.0161026
30.1657
-0.362544
-0.851254
0.11932
-10.7476
-9.75793
2.74542
0.127478
-151.79
19.6204
-1.21129
-1.40443
-0.231802
1.2047
0.867828
-4.48079
3.32469
7.80572
0.438444
-0.317417
-0.166432
-0.598686
1.67793
1.55887
-0.0104521
-3.08054
-3.52903
-1.2673
-5.80747
0.374073
-0.206439
1.15183
-0.0653646
1.18428
0.953093
0.965065
2.90622
5.97074
0.681943
-1.75649
0.137057
0.515267
-3.40893
0.699148
-1.60949
8.26016
-2.84729
29.5111
-0.642202
0.40413
7.07877
1.44715
4.22397
-0.315509
1.00544
-0.505105
0.42461
0.00377062
64.8021
-1.09078
0.222231
0.0809955
-1.14666
-1.02463
3.30476
12.5851
5.52353
0.310544
-0.342119
0.440091
1.00163
-0.59427
-1.44937
-2.30609
-11.043
1.29393
0.30368
-0.194415
15.5335
7.46152
-4.32595
-0.355971
-4.23627
0.349477
23.4609
3.198
1.03182
9.58086
0.865055
-2.31764
-0.169941
-1.39331
5.3812
-3.52323
4.94352
0.46418
1.53213
-0.331842
1.22396
1.13499
0.793395
-0.226667
-0.211549
1.58042
6.72557
-7.65092
-2.40603
0.273956
8.4406
4.43291
-0.372266
-3.8573
0.915421
5.42856
4.07771
0.567959
0.47141
1.03895
68.4158
-0.0961915
11.0037
-0.831174
-18.6612
-0.0893403
-2.19784
0.109942
0.706638
-0.52051
-2.00136
-3.91563
0.931368
-0.251931
0.206508
0.127174
8.97357
-0.446502
-0.955731
10.474
-0.711432
0.619525
6.92359
5.83379
-32.1731
-14.3984
-1.40258
-2.76822
-0.344077
0.36574
0.657519
1.78226
0.670676
0.0598602
1.08989
0.0669521
-0.0185019
7.93403
1.71439
2.77047
0.379032
4.33971
-5.20707
0.730798
1.51564
1.62036
-1.23805
0.312273
-2.28725
-1.25751
20.1715
-2.30885
3.61194
-17.8724
-3.20638
0.860166
1.79982
-0.375378
0.763996
1.46778
-0.202079
1.83626
0.248517
0.579875
-3.50155
1.68724
0.7912
-0.319936
2.17017
2133.23
0.0251668
-0.232546
0.515336
9.13063
2.54698
0.225112
-4.25156
0.0327699
0.19095
-24.2551
-0.69852
-0.705726
1.86512
0.555281
-0.0846071
4.01359
0.373211
1.13932
0.383419
1.30408
-1.38672
2.30913
-5.61402
-0.0278465
3.04648
0.846767
0.101332
-0.847371
-0.254997
-0.0144724
-2.15796
5.11409
0.567762
-0.765022
-0.585607
-1.89869
0.26349
-4.98582
0.814596
-21.3338
-15.2695
-0.367742
0.367132
0.861352
-0.111642
2.87345
1.15693
1.07108
0.0540254
1.04805
-3.76298
0.178708
0.410147
-3.87741
5.6561
0.958425
-1.74765
-0.204311
0.0981271
-1.52597
-0.177327
0.238557
-0.66872
2.00966
-0.51671
-1.05911
0.672729
4.19924
-0.65854
-2.65292
-3.49309
0.617942
-0.443882
-0.900658
-0.836089
2.72215
0.121479
1.95117
-1.42795
0.496256
0.674865
-0.652377
2.86188
0.560256
2.69007
0.25069
-74.2052
-2.88336
1.67663
12.186
34.5138
-10.3797
-6.4835
-0.332479
-1.35353
1.26093
0.528466
-0.905523
-1.65717
-3.32571
-0.0105007
1.66179
1.41587
-0.216471
-0.149093
-0.204453
2.45059
-0.214629
-0.415556
-0.167404
-1.31356
40.4981
-1.61143
0.124969
29.0004
-0.80793
0.137708
-0.904206
-0.154117
-0.122578
0.754893
-1.28069
0.41817
0.0379305
0.546726
-0.851584
-1.7206
-3.09542
0.919827
-0.242697
-0.083697
-1.54505
1.09199
-1.34178
0.255986
1.48031
-1.3761
-0.581981
-0.364068
-9.19998
1.34092
0.258689
0.491193
1.36477
-0.195124
-8.01923
0.0349094
-0.643018
-2.06826
-0.00373111
-2.21017
-1.0899
38.8435
-1.13559
-0.11183
-0.312636
-0.881954
0.405574
-2.54154
-0.260809
1.70472
0.917713
4.0447
3.15746
-0.276468
1.76767
3.442
3.57479
0.341499
-0.896064
8.66365
0.920066
-9.96465
0.0135684
2.22729
-4.14379
-0.607179
1.42289
3.22658
-1.17067
-2.19962
-1.45832
0.338211
0.708395
4.09975
-0.527352
-1.64528
-0.189858
-1.1283
-0.375171
-0.241679
0.278078
-0.207686
0.0471564
-21.9617
-0.381154
-0.343962
10.8095
6.69918
0.496763
-2.39094
-0.791746
3.17982
-1.14811
-1.51624
2.17696
-1.61402
-3.43483
-0.399762
-0.244487
-2.53609
0.273437
-4.3871
3.71903
0.799227
-2.05388
0.0648399
0.497648
4.41675
0.804348
2.49692
-0.605928
-0.675282
2.00519
4.56175
0.531194
34.1807
0.502578
-1.97265
2.93978
0.679725
-0.0835449
-0.10786
-0.173778
-3.13181
-0.269841
-0.526531
0.823066
-10.0095
-1.95136
-2.39336
0.236949
-0.948886
-0.270222
0.0851965
0.18831
0.187724
0.569013
4.64293
-0.833737
-1.11349
3.28326
-10.3914
1.8949
-8.80344
-0.24254
-0.616107
-1.31936
2.32082
-2.90221
1.82255
128.409
0.617456
0.298969
1.28291
-0.259601
0.318349
4.75076
-0.427853
10.973
-0.940579
1.925
0.284429
0.251518
2.37339
0.223515
1.35615
0.0558567
-0.109663
1.3782
-1.86076
-0.405944
-0.47524
-2.64459
0.68372
0.20424
17.2046
-1.14764
-2.29182
1.60686
0.158672
-1.76959
4.57463
1.03331
-1.33497
0.183934
-3.63861
0.59358
5.406
-0.677816
-0.135591
-2.20417
-3.40465
-0.493035
0.664107
1.07993
-0.260121
-0.131069
1.49865
0.366209
0.223797
-1.06605
1.35817
7.92091
-2.09774
6.02
-0.574482
-0.141585
5.5855
-0.857278
-0.814128
-0.34254
-1.16468
0.784548
-0.224928
-0.315001
-0.882419
-4.15671
8.29799
0.300149
-0.283953
0.467904
-0.0283315
-1.06866
2.4424
-0.568846
-0.295725
-0.305791
-0.919464
0.223414
-0.793134
-0.5644
-2.026
-0.354549
-0.134018
9.33405
-2.29389
-1.24641
-0.0143726
0.423014
1.80664
-2.5921
-3.65109
1.50232
-0.904268
3.42347
-1.63428
-0.560799
2.31662
-0.197243
7.74198
54.2163
-2.29801
0.977186
-9.61195
-1.6827
0.334869
0.455926
-1.24581
0.0620762
1.53511
0.539314
5.70404
-7.55796
-1.01186
-0.166257
2.50417
-1.98034
-0.347715
-1.23141
-0.866035
0.143762
-0.447191
-0.105891
1.59426
-3.49216
0.147355
1.77647
0.978576
2.19098
-0.0558501
-0.118468
-1.07109
7.98725
-0.201258
-0.145249
-0.12872
-0.645424
1.87481
-1.82901
-0.403245
-3.73379
-5.43558
0.0615083
-0.989559
0.0890984
87.0402
0.552545
-16.3796
-1.80472
-0.588323
0.228512
0.481299
0.310716
0.153669
0.605906
-0.392783
1.3779
-0.0547016
-0.273682
-0.15619
-0.0212936
-8.48511
-0.681769
-0.165306
0.84743
1.8477
-0.903884
-1.97425
-0.034298
-1.74706
1.6706
0.0743903
6.52004
1.19986
-1.34042
1.63818
6.23927
-0.54137
0.485696
0.938929
-0.565692
-0.472824
21.99
2.9493
0.656904
2.05396
-0.707411
1022.3
-1.5691
0.772349
-0.783
-1.63603
0.078762
-0.235311
-3.02226
1.25012
-0.568603
-1.81525
2.36779
0.16984
0.373451
-0.133224
0.69124
0.759201
0.463145
-0.294275
-0.709603
-2.65874
-2.80558
1.75799
2.05701
-0.671108
-0.485386
-0.193886
-0.464282
0.853478
1.57149
-1.32771
-74.3923
0.463368
1.81376
0.505957
0.789398
-2.31791
-0.413867
-2.85052
0.121027
0.496202
-0.784316
-0.134041
-0.2799
0.181619
0.077091
0.849013
-4.73716
-1.26518
0.103709
-0.861293
0.427809
-0.14322
-0.478452
-0.550945
0.15212
-0.445892
3.84356
-2.61957
22.658
0.377203
0.496342
-0.616383
0.698574
4.32346
-0.658404
-0.384612
-1.02118
-1.14546
1.50755
0.501098
1.01191
-0.0260374
1.28286
0.464605
-0.049848
-0.672618
13.2527
-0.949336
-0.130516
0.0410538
-0.227642
-0.277863
0.780786
-0.72554
3.01365
1.23298
-3.19698
-3.62185
-0.0447207
0.185265
-0.483165
-3.29459
0.51228
0.423347
-28.2727
3.24027
-26.9635
0.831429
1.07677
-1.86654
0.752072
1.82627
0.347891
2.10656
-0.0724963
1.37582
-0.564777
-2.77693
-1550.57
-3.09223
-2.56074
-1.1777
0.63034
-0.354872
-1.43126
0.492944
-0.317674
-0.179771
-1.12388
-0.0328168
0.301246
-0.15205
0.607391
-0.215354
-1.48084
235.036
14.7324
0.57102
-2.06448
1.58981
-0.837458
-2.2061
1.63852
-0.657069
-1.5541
-0.697233
1.73955
0.753196
2.95372
0.770817
-3.26483
5.62802
1.12439
-3.78514
5.60233
-2.11446
0.161185
-44.7135
-8.4613
27.731
598.522
1.16645
2.12076
0.944979
0.320579
-1.01398
0.339726
0.153964
0.709135
-2.38366
-0.242443
-1.57412
-0.00193462
2.17337
10.4028
-0.414985
-5.92523
1.55971
0.227961
0.179103
-1.15902
0.191804
-1.06207
13.1931
0.426869
0.287283
0.46324
0.73815
0.102343
2.12518
-4.81943
-0.324517
-0.518385
-0.740926
-11.7531
-0.863176
-0.479214
0.76418
-0.352985
1.21521
-0.252146
4.05609
4.73281
0.578324
0.475573
0.390178
-0.714935
-0.742124
-1.61403
1.74132
3.20654
-0.785002
-14.5959
2.3135
-1.33212
-3.25537
0.539857
-2.23137
-7.54219
-0.528532
-2.6628
3.64851
-0.235839
-0.410902
0.213599
-0.222384
-0.874247
-8.03258
-0.879332
0.873413
0.186392
0.261932
-0.231338
0.849575
0.128787
-0.567504
0.450484
-0.974894
3.06277
-0.000112323
0.760052
2.43476
0.941393
-0.44426
0.194192
0.539257
0.582788
-0.282912
0.448998
1.3497
-0.747386
1.57642
-2.93662
-0.508271
-0.746324
1.00121
-0.571972
0.0757796
-1.58423
17.7256
0.221838
0.248837
-1.47164
-2.06321
4.15357
-0.268584
1.57052
-4.20901
2.89796
0.286668
13.2217
0.822619
-0.193973
3.40024
4.23575
-2.4994
1.75306
-1.0288
-12.4736
8.61114
-3.94699
1.14664
4.27215
12.9553
0.877002
-0.497155
-1.64996
2.03815
-1.18646
1.46825
0.613144
0.450601
0.911853
-4.24341
1.37693
-4.50139
2.28945
-3.27251
-1.5474
-2.10298
-0.378893
0.367692
-0.365011
-0.0137004
-0.489701
-0.664927
0.311971
-17.6683
2.6436
0.825128
-0.355947
-1.62366
2.1326
1.4865
0.338642
1.02568
16.1429
2.05277
-0.834722
-0.410535
11.087
6.03617
5.09626
0.0247021
-0.0721297
-0.989706
-0.666791
-0.601844
-0.473726
1.64245
-5.18296
-4.67953
2.42086
-0.84352
-0.10325
-4.19527
1.75173
1.78351
-0.45359
0.885916
-0.738541
-2.3126
0.509136
-8.6941
-0.093812
-0.139894
-11.1739
-4.3205
0.182998
1.15002
-2.22135
0.423448
-3.78046
1.84846
0.423415
1.04544
0.590272
-0.0131342
2.21415
-0.00243368
-0.454735
3.47753
-5.86365
-4.2684
0.358175
-1.35006
-0.652322
0.162794
1.46656
0.435493
-2.79881
-1.44466
-0.454924
-0.838276
2.98092
-0.615559
0.0917812
-0.796527
-0.348633
-0.629633
0.375126
80.1082
-0.405206
0.909291
0.0944904
0.00801127
0.287656
-0.316733
1.02057
-39.6792
0.0248339
-0.813415
4.56164
1.33074
3.20167
0.139196
0.106424
8.47226
0.552016
5.96071
1.44123
-0.507324
-2.31365
-0.747794
-0.739387
-6.94496
0.267032
-1.08097
-0.346737
1.48835
0.186658
-0.708772
-1.76797
1.67682
-0.242863
-0.272191
-0.435584
-0.316794
0.0533468
-0.654671
-0.269287
0.789411
0.523591
-0.0674868
0.269137
1.0727
0.178174
0.113802
1.03611
-0.370847
-15.412
-0.532067
-2.01657
2.28422
0.320498
-0.736352
-0.0154879
2.07158
-0.43521
0.311223
-0.201076
-1.19935
-1.49699
1.69332
-3.9202
-0.204601
-0.28627
-0.961346
2.43942
-28.8749
-0.136685
-1.77441
-2.1458
2.62607
0.576133
1.75688
-0.112477
-1.14537
0.744238
-0.329763
0.423316
-0.00577561
1.84454
-0.373618
-0.754558
2.34687
-10.7912
0.753405
-1.60065
0.266693
41.7502
-0.881609
-8.27779
35.9635
-1.17183
-1.12981
2.39996
-0.204612
-7.60728
2.16421
-0.183351
-0.673427
3.02789
-0.889374
0.453979
8.95648
16.7526
-0.0809769
-0.929948
2.40864
0.0574917
0.362509
-1.21898
-1.23892
-0.0209996
2.1125
-0.546388
-7.95931
-2.80364
5.54117
-32.7993
9.98967
-0.0229742
6.2775
0.564255
0.800059
-1.2146
0.897388
0.481283
0.0027397
-0.519235
-1.04075
0.0983387
-3.80423
-3.32294
0.0818083
0.344291
0.534029
38.4763
0.406731
-1.15309
-0.71727
1.38671
-2.21248
2.13051
1.54798
1.50357
0.21432
0.838767
0.798306
2.74598
14.688
0.978396
-0.752019
0.25142
-0.434633
-5.13934
-2.70073
7.54447
-4.49258
1.34232
-0.888268
0.866302
-1.02836
-0.617765
1.27828
9.62025
-6.06491
1.00502
37.4688
-1.56808
50.0358
-0.268504
5.31787
0.165347
0.286515
-1.02055
15.7327
-0.846977
1.65571
0.45395
2.67878
5.65507
-0.16968
3.12828
0.117284
0.647004
-2.55383
-0.293847
0.671582
-0.233507
-0.0809756
-1.16597
-2.75462
-1.29562
-0.185445
-0.367355
-2.53829
1.49495
-0.041438
-0.219854
-2.788
-0.84948
0.407622
0.0257232
-4.95707
1.87395
-0.544897
1.30444
-1.76452
0.627381
-0.388885
-1.72878
-0.0409897
3.64996
-3.78226
0.655662
0.329975
-2.19718
-0.155878
-0.390649
-1.17386
-0.739014
-1.39631
2.20405
4.22176
-0.440107
-0.262473
0.708021
-4.19387
3.15355
1.01371
1.26809
-0.972199
-1.23537
1.20096
0.120902
7.75385
0.493612
0.801572
-0.775
1.26056
-0.953266
1.60301
-3.08021
-0.573706
2.34381
-1.11906
-0.961596
-0.994676
-6.68179
-0.114515
-3.40441
0.449468
1.07864
-6.64154
1.9475
-4.22616
1.91238
-0.0389977
3.96733
-0.483736
0.00077773
0.292057
-1.90868
-0.104009
0.493585
0.0876087
-0.200056
-1.0544
-1.13675
0.00407013
3.43934
3.89447
2.96185
-11.3985
1.32037
-0.657727
-0.243782
0.732607
-22.9957
1.17795
-1.04852
1.39166
-0.182705
-0.150017
6.16794
-0.57377
1.14115
-0.0254255
-0.466769
-0.0529803
55.3324
-2.36511
-8.99154
-0.808454
-5.09137
3.95352
-12.9345
1.09396
2.53264
1.84599
-2.28753
-2.80063
-10.6756
1.09389
0.139466
0.00562073
0.923776
-0.508671
-0.982326
-8.41156
1.85035
-1.44485
-2.83182
-27.2869
5.49393
-3.2506
-0.439092
5.79269
-3.12744
0.273285
0.589429
0.0184818
-0.253046
-1.27245
-1.01812
-2.03886
-0.905245
0.657445
0.634105
-9.20293
1.16521
-2.00555
-8.8471
1.13147
-1.59904
-0.372664
-0.685703
1.94944
-0.229891
1.48692
-0.0192056
0.077626
-2.93315
3.75779
0.101019
0.419649
-5.98637
0.307343
2.14093
22.9025
0.509887
-0.413695
-0.61734
9.99459
-1.71615
-0.450111
-26.5776
-1.20331
-0.457181
0.435134
-137.859
1.74807
-1.45309
-1.38596
3.35168
-0.844028
-2.0076
1.05378
0.657784
1.45371
-4.75447
0.406744
0.21991
0.321568
-458.799
1.94679
1.4222
58.6369
-2.2191
2.02699
0.152695
-0.0176517
-0.69116
28.0646
0.900916
-1.52477
0.541856
0.451537
-4.20294
-3.29734
0.389698
0.429061
-6.27866
-8.47262
0.0474028
2.52762
-1.44368
-3.03325
-0.695475
0.398134
6.53438
2.83289
1.27243
2.52473
1.4067
5.44253
-0.535139
3.2339
-0.141408
-0.0603047
0.145283
1.26098
1.71227
-3.60689
0.118539
4.4842
1.03967
2.59388
-0.486013
-3.83882
-0.195602
-0.251073
0.0994263
0.324289
0.243248
0.502089
-4.46897
0.457281
-2.37447
-2.35338
0.882236
0.459685
-0.157274
0.73957
-0.539826
1.52022
0.0408649
-1.01848
0.0834455
5.12402
0.155476
-0.866973
1.0912
-0.576158
1.7203
-0.463106
-3.1779
0.315831
-2.54222
0.295082
0.174628
-0.16475
0.184606
-0.423794
-0.274759
6.42409
0.811577
0.949482
-0.708153
-14.4568
-5.88306
-0.0510257
-0.733809
0.883465
2.60159
4.35002
0.543391
0.629108
1.41004
3.9393
5.47441
0.216815
0.0888312
-13.5325
-0.858909
-0.304269
0.502437
-0.916869
-1.47968
5.11718
-0.126594
0.47531
-0.274682
0.582844
-5.25675
-0.116536
0.295819
-25.359
1.00848
-0.507573
96.0829
-0.195711
-6.37037
1.28408
-16.7607
3.84897
-1.58476
8.19554
-3.13699
0.667703
0.940085
5.66873
-0.863724
4.85279
-0.444953
-0.834738
0.375948
-0.115611
-0.524725
-0.369234
1.83633
-6.3509
0.229415
0.755858
-0.717548
-0.670038
-0.0260919
-1.71704
-1.75618
1.0034
0.150688
-1.94839
-0.456012
2.23471
-4.09548
-1.89697
-1.1444
1.51082
0.84793
6.6392
-0.248389
0.277172
1.44328
0.984719
2.8614
0.00883282
-1.02198
-0.317965
0.0395549
-0.090691
-0.395218
-0.121685
0.801403
-1.34863
-73.0353
0.685253
-0.168932
1.44197
-2.74215
-0.818169
-0.225634
-11.3769
0.722284
0.117197
-0.551341
0.329441
10.9857
0.77921
12.9731
-5.62746
-1.63634
-12.9856
0.0256503
-6.01071
-20.2121
11.4972
-24.8548
37.2945
-0.227937
1.02417
0.767875
-0.0543923
2.24903
-3.4694
0.928199
-13.2042
0.849068
1.15624
2.21876
-2.67686
-2.33946
-1.69047
-1.7265
-0.0943797
-0.990473
0.656332
-0.889794
-14.1652
-1.16194
-0.31511
1.59886
2.51913
3.75539
-2.45411
-23.505
-2.04412
0.605139
8.51448
5.19933
-0.389617
0.287216
0.0253535
0.702846
0.0876094
-1.76708
-22.7214
-0.771843
-4.04108
1.06034
6.39979
-2.64832
0.861368
0.185222
-30.2
-2.75061
-2.7206
-1.50738
41.426
-0.2415
2.35902
4.88509
2.51693
0.264295
-0.35028
-17.0651
0.24359
-0.351222
0.7878
0.36054
9.09169
-0.318689
-0.135713
0.566677
1.25277
-12.822
0.576812
3.98129
-0.574085
-0.368891
-1.32872
-0.255397
-1.13403
-0.475339
2.07433
1.95898
-3.15525
-0.986561
7.2224
0.486526
0.0873077
5.46256
0.537793
1.77081
-0.139376
-16.0797
-0.162639
2.33331
2.36884
-0.214481
3.34182
-1.4595
-3.51462
0.151624
0.719479
4.83267
-0.289822
1.74735
-0.187462
-0.169691
0.697027
-0.838464
0.041576
2.14503
9.2029
0.0589458
-1.05875
-0.268029
-0.217682
-0.242211
-11.3845
14.6493
2.53391
0.622819
-0.251619
24.1488
-0.21651
1.03334
1.34021
-0.329116
5.10687
5.77509
0.833895
-1.05645
1.72788
-12.5588
3.61737
0.316539
0.65378
3.40027
-0.530202
-0.252598
0.78206
1.87469
-1.2747
0.0379065
-1.97527
-0.78809
1.67081
-0.333097
0.0219089
0.343612
-0.664146
1.11244
-3.59529
0.465224
-13.809
0.771023
-0.871677
-0.682015
0.113407
0.498965
-0.906294
1.18327
-0.32475
0.970642
-0.0851423
9.4495
0.972281
-0.662162
1.71115
-1.18715
0.958873
-0.280513
-1.19927
-0.323847
-0.153668
-0.123803
0.125015
2.38502
2.30482
0.133014
1.76327
0.966262
2.40344
-2.95555
2.72611
5.69903
0.149964
3.37394
-2.14571
-3.05623
-0.394922
1.4688
-0.687646
7.81036
-0.897626
-5.18618
-0.586862
-0.245187
0.26269
0.655711
-0.401894
2.59432
1.25706
-3.76752
-2.62123
-1.06068
-0.761793
-0.381579
-6.38505
-0.185367
-0.0877819
-0.981423
0.243537
0.835939
-4.41249
-0.251877
-1.20832
-2.69819
-0.12673
1.56088
-0.145379
0.0295016
0.538111
-1.21996
0.082236
0.188352
-0.508033
3.71489
4.94974
-4.12814
3.98725
-0.887135
-0.549357
1.11467
-0.322177
-0.835975
-2.25162
0.636714
-0.174135
-0.644655
0.658808
-1.01702
-0.743368
2.32961
-0.579113
-3.09538
0.862661
1.73308
-1.32224
0.477106
0.650468
-0.180439
-0.0903567
-9.02245
2.61731
-0.201911
-0.109502
0.185011
-0.42399
1.13441
8.88544
0.0105509
2.14646
2.06962
-37.0541
0.885177
-0.546923
-4.12722
-1.26043
-1.00009
-0.184737
2.11253
2.42063
-0.19072
0.548091
-0.552718
-0.987373
-13.2812
-2.15949
0.241384
-0.833736
2.36752
0.928682
-0.616618
0.0698199
42.8061
-1.39848
-614.935
1.09697
-0.709579
2.29321
-0.601101
0.00595164
7.40347
0.182535
-166.552
-0.814922
-0.0643275
2.42568
0.890217
-2.15473
-0.823884
0.160869
-1.88554
-2.58132
1.1746
-19.5257
-4.4224
-0.243823
-15.9151
-16.5226
0.330508
1.06492
-1.15224
3.20078
-14.9871
0.569203
-0.642504
-1.58215
-1.21313
-0.0757555
1.44807
2.08589
-11.5663
0.512258
-2.13356
0.0927117
-1.09907
0.13983
-51.7262
1.10414
-1.84206
-0.824625
-7.54932
0.7963
-1.35482
-1.62678
-0.673168
-0.528044
1.63605
-0.00856453
1.68855
-4.28035
1.97051
3.62926
0.0995984
-0.306914
0.042562
-0.801206
-4.22284
-0.760887
0.135686
-0.0924882
-0.463072
1.22061
-0.239045
5.43416
-8.18382
-246.764
-0.429289
-0.35801
11.3436
0.216602
-1.04922
-0.416904
1.30048
0.770588
-2.44755
-1.35104
0.217105
-0.150835
-0.0816819
-2.11143
0.447673
6.70677
-0.554418
0.963323
-1.4086
4.16401
-4.49101
-0.463288
-1.28925
-0.0575548
1.34284
-0.435918
0.482786
2.18339
9.31459
-0.812164
0.771783
1.07721
0.050325
0.854289
0.0268725
-10.9087
0.492902
-1.4388
4.49509
-0.0177458
1.27674
14.533
-0.45894
2.75908
0.299032
0.699011
3.26861
0.10207
-2.31453
1.19918
-0.124134
-5.06625
-0.544968
-0.617993
0.512969
-30.6681
-2.02228
-11.4423
-0.811698
0.683779
-0.596766
1.13688
-0.989826
-7.07052
-0.503513
0.114862
-0.61571
-0.168087
-0.250379
-87.9988
-0.371003
0.148865
-0.273187
-8.66196
0.934597
-2.05542
1.27865
-0.441311
1.47013
-0.665047
1.10335
1.52623
1.16274
3.26643
-0.544985
1.35936
24.3688
1.48368
1.06151
4.61408e-05
2.66511
13.3186
-0.639982
19.2598
0.153138
-2.35197
7.1982
1.15064
1.60438
2.87824
-0.170362
-4.54388
2.81973
0.479786
-0.0302354
-3.05941
-2.46665
0.185709
0.856532
0.811295
0.0532796
-2.37645
0.705323
-0.771898
0.254144
-3.9006
1.83411
-1.65217
-1.09951
-0.646793
3.32659
-1.56822
0.680474
1.10342
1.88065
0.678078
0.467247
5.23067
-8.74928
0.417592
-4.82456
1.26144
-0.96732
3.24692
1.14439
-2.85314
0.677261
1.51882
0.547644
-0.118319
0.391876
5.73329
-19.6909
0.409018
0.639494
-0.272237
-0.482426
-0.129002
1.13703
0.255291
-0.0619875
1.7
0.728578
-0.484495
1.19116
0.474452
-1.30486
-0.729083
1.87755
1.13115
0.187623
-2.62566
-0.0857466
0.799341
0.600319
0.32385
10.6783
-1.80241
4.56316
-0.00695539
-2.02616
-0.402699
-0.492403
-0.74541
-2.62677
-5.2574
0.29668
-2.67314
-1.23791
1.04649
-6.11512
-1.56741
3.36387
0.13835
1.0678
12.4396
0.573421
-0.00269537
-1.37654
-40.0612
-1.17524
-0.987217
5.30379
-1.17401
0.88269
-27.0172
80.288
-1.16697
-0.195595
-29.7795
-8.67691
-8.63871
0.365007
-1.98
1.25623
0.684242
1.16304
-3.60478
2.33092
0.135134
0.913612
-0.599155
-0.342109
-0.223173
0.654824
1.17708
38.7431
0.295844
0.233382
0.622803
-0.314318
3.17544
1.43452
-0.0612949
-5.196
0.0331931
-0.59986
-1.60216
-0.592161
1.01484
-1.06127
-0.237643
0.820266
-1.04009
0.906072
-0.00550475
0.903423
0.699568
-0.207947
-1.3463
0.456608
-1.27905
1.80004
0.295285
-0.241922
4.51519
0.091051
1.20239
0.260478
-0.429375
0.684424
-0.383619
1.19564
0.338465
7.38594
-5.71322
-0.112331
3.60582
3.85867
0.299344
-1.94176
-2.78372
0.820532
15.1092
-2.44383
-0.458083
0.0422281
-0.309215
-12.7747
0.228617
0.0627022
-4.02171
-0.446945
2.07558
5.73049
5.09458
2.53977
-0.552162
10.897
-1.31486
1.55112
0.175636
1.1687
-2.67124
-11.5101
-7.93476
0.294996
-5.40073
-4.42278
0.788825
0.273938
-0.0274263
4.68704
2.35604
-1.03897
-2.14857
-0.511013
-0.57307
0.6896
0.68102
0.369069
1.7207
-5.95629
0.271653
2.53943
-24.4237
-0.994372
-0.633969
-0.233779
-1.23048
20.1812
1.47345
-0.38148
-0.210059
-0.291391
-0.6112
-1.82803
-2.38469
-2.16046
1.29103
6.98902
-1.52133
2.22578
-0.5192
-3.32149
4.30463
0.850166
0.142477
1.4812
-2.12803
-3.5096
-4.19382
0.758531
-1.0019
-0.285074
1.8523
2.41044
-1.19955
22.9324
0.0272566
-0.117788
4.63396
0.480267
-2.5073
-1.28274
-3.19917
