2.98824
2.91954
2.89754
2.98981
3.39929
3.04589
3.02802
3.11117
2.97384
2.89897
2.76897
3.07448
3.09835
3.27197
3.06469
2.76271
3.0274
2.88264
3.0528
3.11627
3.04141
3.07418
3.00654
2.85539
2.87529
2.99093
3.00052
2.96275
2.97869
2.96763
2.99874
2.96254
3.07511
3.30054
3.36415
2.96162
2.75779
3.21502
3.03144
3.17252
3.33729
3.04685
2.78536
2.73528
3.03012
2.58393
2.91657
2.97694
3.00846
3.04262
2.87255
2.81329
2.85258
3.10569
3.08426
3.23772
3.10146
3.00059
3.05352
2.85413
3.0314
3.04
2.92025
2.75937
3.27008
2.92644
2.94858
2.96716
3.2079
2.76021
2.86693
2.74889
3.11133
3.38023
2.94233
3.08479
3.38757
3.14948
3.15763
2.99622
3.09062
3.0566
2.79277
3.04219
2.82036
3.04599
3.14626
3.0023
2.95643
2.99757
2.95841
3.37369
3.0011
3.03646
3.22403
2.78594
2.77158
3.19824
3.03016
3.10388
2.97723
2.99638
2.90133
3.06508
3.08253
3.10939
3.14329
3.14653
3.01004
3.03369
3.12602
3.07717
2.88285
3.0404
2.66296
3.2002
2.98388
2.92969
2.78501
2.87295
3.17126
2.87334
3.23189
3.13665
3.0001
2.95203
2.92765
2.83016
2.80756
2.99986
3.00834
2.85665
2.8179
3.20821
3.08656
2.91637
2.95865
3.10696
2.88866
3.11215
3.10868
2.69924
3.02522
3.04713
3.01827
2.98279
3.08129
2.99741
3.00882
3.10317
2.91036
2.82121
2.80182
3.04691
2.87312
2.88752
3.04671
2.88436
3.2008
2.73528
3.01656
3.23563
3.0321
3.02094
3.00177
3.15733
3.08023
3.1191
2.86095
2.79059
2.80773
3.03185
3.32491
3.24157
3.10726
3.08998
2.97397
2.81843
3.00477
2.99198
3.04851
2.71873
3.00545
3.15549
3.15549
3.20976
3.07305
2.99808
2.82
2.97895
2.84263
3.10128
3.00212
2.87384
3.01792
3.19989
3.16907
3.17089
2.85321
2.89267
3.1044
3.24301
2.94574
3.29335
3.02992
3.06498
3.09651
3.22109
3.25803
3.03534
3.25234
3.24573
3.14034
2.98877
2.78448
2.89283
3.06575
2.99977
3.06342
3.13662
2.68141
3.06039
3.15312
2.7816
2.98936
3.09401
2.98936
2.90611
3.1878
2.98374
2.74716
3.15625
2.81751
2.94174
3.11815
3.18548
2.90426
2.94213
2.94102
3.26556
3.09746
3.09045
2.78562
2.94949
2.98998
3.25691
2.96166
3.14335
3.25897
3.22181
3.03159
3.033
3.18803
2.86645
2.84606
3.1429
2.98332
3.20836
2.9795
2.55281
2.75827
3.11436
3.09563
2.81089
2.98597
2.98926
2.89953
2.97752
3.22941
3.02329
2.75368
3.02188
2.82983
3.12439
3.10525
2.8531
3.17239
2.8672
3.04586
2.97131
2.98126
3.35053
3.22668
3.41403
2.98879
3.42949
2.88909
3.26331
2.96101
3.24973
3.12974
2.92214
3.17991
3.00983
3.0191
3.44727
2.92187
2.90773
3.01896
2.98729
3.10162
3.05495
3.18335
3.13622
3.05889
3.06392
2.98632
3.17483
3.21903
2.95673
3.01751
3.01396
2.93657
3.18915
2.8728
3.04745
2.92011
3.01191
3.00181
2.99662
3.15268
3.03185
3.01252
2.9197
2.87116
2.7258
3.03848
3.12062
3.20886
3.10214
2.92174
3.24952
3.01173
2.90901
3.15022
2.78145
3.0537
2.80905
2.79737
2.90971
2.83171
3.30367
3.07491
2.80547
3.16633
3.21314
3.16458
2.8529
3.11672
2.64882
2.97576
2.9283
3.07829
3.00862
3.03758
2.6484
2.73206
2.91558
2.75225
2.92096
3.20333
2.86977
2.9916
2.7051
2.96512
3.06251
2.98524
3.03065
2.81459
2.96283
3.23615
3.25202
2.94753
3.06824
2.64085
3.08666
2.8519
3.11573
2.8467
2.76834
3.11499
3.01136
2.98455
2.90631
3.17662
3.06026
3.27719
3.36315
2.89229
2.91694
2.99047
3.06559
3.03185
3.06571
3.12986
3.03847
2.90979
3.2615
3.03993
3.22241
2.69239
3.06846
3.06145
2.95315
2.91168
2.77431
2.80895
3.12908
2.97645
2.90832
2.85087
3.28238
3.0048
2.92564
2.78312
2.98506
2.71936
2.8753
2.91135
3.07108
2.86162
2.71415
3.0068
2.97337
2.9028
2.86729
2.97895
2.86622
3.01427
2.80358
2.94356
2.81207
2.88658
3.53851
2.86356
3.21455
3.07002
3.13227
3.06284
2.97887
3.14305
2.98085
2.87352
2.72834
3.26174
2.77916
3.19292
2.86806
3.18456
3.19641
3.02929
3.16504
2.87589
2.8986
3.12716
2.86274
2.9093
3.18366
3.03143
2.90027
2.97865
3.08967
3.05462
3.00371
3.23632
3.10729
2.93539
2.81806
2.94412
2.91919
2.80905
2.71186
3.07271
3.05628
3.03255
3.18193
3.0268
3.0413
2.73592
3.05919
3.14506
3.19815
3.16277
3.22692
3.13519
3.15206
2.80182
2.77482
2.74978
2.89323
3.12357
3.28376
3.1814
3.01757
2.98916
3.10373
2.91862
2.8908
3.1118
2.89819
2.85295
3.08508
3.1177
2.91017
2.91423
3.15412
2.76054
2.97761
3.1764
2.84787
2.72895
3.27882
3.00502
2.78271
2.93887
3.03992
2.89107
3.04272
3.15972
3.17265
2.92384
2.94826
3.15593
2.94503
3.07076
2.89236
2.78323
2.85805
2.94623
2.85368
2.88268
2.88473
3.40329
2.80152
2.8401
3.16361
2.91029
3.14745
2.85436
2.88747
3.00548
2.85513
3.07831
2.73269
3.18993
3.01072
3.02458
3.24973
3.17409
2.83368
2.80823
3.04193
3.07413
3.18143
3.11456
3.02049
3.14111
2.72504
2.97514
2.97727
2.99321
3.04147
3.05661
2.93421
2.85869
3.11005
3.07734
2.88364
3.19987
3.17078
2.94917
3.09114
3.04189
3.12889
2.6971
2.77555
2.69313
2.74185
2.77126
2.67611
2.99081
3.05308
2.86874
2.9241
3.08146
3.05276
3.00844
2.70279
3.03374
3.14708
2.97546
3.15011
3.06188
3.0012
3.04251
3.11887
3.03069
2.97026
3.00743
3.20196
3.09356
3.22452
2.80664
2.91004
2.91107
3.20588
3.13527
3.11052
3.06636
2.86781
3.15873
3.37282
3.09685
2.84745
2.90081
2.8994
2.97495
3.02299
2.6782
2.70128
3.05682
2.78589
3.01243
3.18632
3.30938
3.18882
2.92725
3.2224
2.93312
3.02972
3.00659
2.92965
3.188
2.93319
3.22557
3.09909
3.04449
3.06543
3.21528
3.03574
3.08829
3.24934
3.04501
2.91228
3.0494
2.86088
2.90483
2.9136
2.91494
2.94774
3.17786
2.95146
3.06574
2.9856
3.2422
2.9871
3.1223
3.10492
2.99793
2.92039
3.02961
3.11158
2.91344
3.10837
3.0569
2.9713
3.05748
2.9598
3.12531
3.14435
2.71558
2.86397
2.87167
3.13538
3.05687
2.9507
3.18012
2.85658
2.81869
2.76731
3.00301
2.73514
2.76156
3.03028
3.15149
2.98462
3.23793
3.02983
3.29791
2.64787
3.03644
2.98888
2.7857
2.91617
2.91031
2.87591
3.03896
2.84918
2.94237
3.24261
3.18396
3.16227
3.26169
2.88537
2.7219
3.50885
3.18658
2.97835
2.91738
3.12845
3.06303
3.0164
2.95003
3.06254
2.79066
3.02825
3.01755
3.04112
2.86524
2.64277
2.97162
3.04103
2.87448
3.08021
3.03968
3.00024
2.63477
2.73707
3.0914
2.91891
3.02947
3.08669
3.01877
2.84415
3.03759
2.74821
3.19631
2.89686
2.85271
2.9723
2.97429
3.11284
3.27613
2.97552
2.79494
2.9376
3.21861
2.74271
3.13224
2.8883
2.88886
2.71515
2.95108
3.22514
2.93087
3.03417
2.86456
2.75321
3.0358
3.07724
2.8872
2.82375
3.19655
3.16293
2.9051
2.88273
2.95866
2.85206
2.74974
3.13134
3.2101
2.88767
3.08102
2.81108
2.89707
2.86825
2.96592
3.17168
2.85883
2.76775
2.97406
3.11973
2.89815
2.90214
3.0573
3.12513
3.02225
3.14299
3.06033
3.08597
2.92566
2.9898
2.98046
3.04587
2.92706
3.08108
3.11989
2.82575
2.89271
3.20691
3.11802
3.23738
3.0126
3.21194
3.17477
3.21811
2.97925
3.24675
2.89337
2.92642
2.89205
2.82035
2.86348
3.16936
2.86745
2.67192
3.02141
3.18818
3.01916
2.73377
2.75688
3.13156
3.12408
2.94987
2.96922
3.17042
2.81033
2.77026
3.02483
2.79021
2.91285
3.01922
2.99198
2.9048
3.00783
3.15637
2.67149
3.02264
2.93432
2.75945
3.08921
3.16559
3.10121
3.26651
3.13501
3.08982
2.94547
3.19647
3.13931
3.21179
2.91499
2.87388
2.87359
2.98641
3.11802
2.99416
2.79303
2.98183
2.94704
3.17923
3.24594
2.99329
3.10666
2.68838
2.82993
3.08079
3.0815
2.62607
2.97564
2.8949
3.03759
3.14919
2.87821
2.96835
3.08498
3.11339
3.1088
3.01846
2.98193
2.91731
2.95308
3.09194
3.04977
2.84773
3.00652
3.09688
3.19312
3.02227
3.16314
2.82326
3.17238
2.92434
2.91784
2.91054
3.19982
2.98325
3.426
2.86137
2.9261
2.94653
3.09844
2.90606
3.11727
3.02123
2.986
2.89164
3.18411
3.07319
2.99439
2.89247
3.05617
2.82104
2.73691
3.18683
2.69479
2.82334
3.045
3.08486
3.10259
3.07452
3.09148
2.80842
2.95661
2.86723
2.89338
2.81028
2.93321
2.74155
3.04099
3.06831
3.0709
3.23182
3.23391
3.09299
2.86422
3.14437
3.21779
3.27565
2.89461
2.99341
3.06375
2.92343
2.97992
3.1111
2.92166
3.27429
2.76718
2.81185
2.8783
2.88158
2.81678
2.94786
3.17889
3.09963
3.39084
3.16321
2.99911
2.97565
2.89046
3.10427
3.06719
3.18576
2.92584
2.83013
2.71137
3.3962
3.31827
2.89419
2.86519
2.78795
2.97884
3.15911
2.80568
3.04225
3.01919
3.03464
3.09614
2.79001
3.09558
3.0138
2.98875
3.17655
3.15351
3.01305
3.17553
3.11225
2.91034
3.0143
2.9846
3.00547
2.84161
2.96378
2.92351
2.97616
2.89652
2.99721
3.06549
2.91228
3.13081
3.13441
3.0142
3.00784
2.8647
3.00036
2.91378
2.96184
2.9683
2.93726
3.0504
3.14096
3.13767
3.0572
2.89119
3.05114
3.20239
2.8902
3.14433
3.09695
3.13708
3.02743
2.989
2.69393
3.0244
3.03401
3.16408
3.04943
2.9157
2.92745
2.80095
2.72385
2.87904
3.1438
3.23684
3.12025
3.25531
3.10679
2.9895
3.12958
2.91941
2.99229
2.99173
3.08172
3.18986
3.04287
2.73034
3.21296
2.83183
2.9073
2.99035
3.01642
2.78654
3.15107
3.05277
3.04069
3.03591
2.74217
2.79215
3.06884
2.973
3.01994
2.7914
2.88309
3.03902
3.25052
3.09691
3.0389
2.75003
3.00816
2.98901
3.03845
2.77985
3.3209
2.84152
2.80879
3.00522
2.96733
3.21346
3.16225
2.91702
3.03272
3.09575
3.04707
3.23744
3.19394
2.95478
3.21318
3.11576
3.05589
3.14847
3.1092
2.72587
3.04703
2.8834
3.01243
3.08049
2.87923
2.83842
2.83934
3.06865
2.96113
3.07324
2.98844
2.91332
2.65085
2.82686
3.10898
2.92304
2.87983
3.01434
3.04631
3.09907
2.89982
2.91175
3.13473
3.0586
3.13345
3.05327
3.11057
3.14373
2.81385
3.05643
2.78799
2.80595
3.24046
2.84708
3.16141
2.78902
2.94423
2.90461
2.94679
3.28881
2.99483
3.00614
2.96052
3.0612
3.11194
2.88065
2.89451
2.82168
2.98683
2.79091
2.91144
2.89705
2.98015
2.88795
2.97107
2.85737
2.82985
2.89986
2.98829
2.99404
2.81792
3.04714
3.00452
3.22388
2.79997
3.01569
3.0558
2.92806
3.2691
2.90895
3.08931
3.09946
3.08405
2.71074
3.01076
2.99372
3.09799
2.93092
2.8845
2.84632
2.99263
3.00065
3.16012
3.20334
2.99956
3.06209
2.62219
3.05798
3.13928
2.84698
2.89184
2.88149
2.90256
2.84707
3.21863
2.89495
2.98503
3.09155
2.89184
3.22293
3.05854
2.97325
3.23729
2.88786
2.93887
3.10352
3.11704
3.205
3.09218
3.02729
3.3227
2.93291
2.96863
2.91482
3.14299
2.95693
3.08511
2.91855
3.28578
2.98735
2.82897
2.87443
2.85389
2.79674
3.01887
2.91752
2.84106
2.94346
3.28166
2.90532
3.07802
2.95128
2.93414
3.12213
3.0898
3.22827
3.08234
3.22327
3.27537
2.87127
3.10121
2.94391
3.00347
3.08408
3.55558
3.02311
2.757
2.92427
2.9645
3.13693
3.32712
2.76604
2.8968
3.09609
3.00526
3.12493
3.19148
2.95011
2.96348
3.29553
2.90337
3.00271
3.14335
3.19469
2.72166
3.11269
2.8662
3.24007
2.84332
2.88773
2.82648
2.95611
3.12959
3.00888
2.87457
2.95839
3.01788
2.82997
3.20388
2.86799
2.89397
3.12095
2.94627
3.04584
2.88365
3.04161
2.8182
3.09467
2.71477
3.16373
3.03641
2.8216
3.08443
2.57098
3.20777
3.06998
2.87699
2.91405
3.04577
2.92931
2.81916
3.13738
2.77897
3.30595
3.01667
3.10629
3.13081
3.01192
2.94455
3.11378
3.08422
3.13166
2.99204
3.15045
3.1315
2.87909
3.02595
2.76366
3.03646
2.91375
2.87793
2.99933
3.01853
2.92529
3.29421
3.10817
2.93919
3.05528
3.0453
3.12002
2.97745
3.0366
2.96203
3.23575
3.06066
2.83843
2.94141
2.91879
3.05752
3.29148
3.2732
2.92952
3.10916
3.28636
3.08235
3.16482
3.1853
3.16665
2.90968
2.99691
3.13152
3.07607
2.9732
2.81582
3.22565
3.04633
2.90963
3.18128
2.8145
2.63621
3.00736
3.02402
3.19887
2.77043
2.92462
3.10187
2.63689
3.26523
3.17103
3.07806
3.01943
3.17772
3.25214
3.13618
2.86372
3.12086
3.04361
3.20269
2.84964
3.22077
3.05723
2.95772
3.14405
2.89345
3.23407
3.07674
3.19365
3.05745
3.16013
3.20113
2.87486
2.88348
2.93263
2.92451
2.93237
2.80367
3.21413
2.97089
3.14113
2.93965
3.14317
2.99058
3.2533
2.74286
2.86797
2.75402
3.22623
2.89966
2.80075
2.83764
2.89354
3.34273
2.8236
2.96586
2.87671
3.14422
2.77914
2.93301
2.96221
3.05902
2.89454
2.98051
3.2557
2.74197
3.19804
3.03157
3.17599
3.0085
2.93245
3.35551
3.13661
2.77057
3.01313
3.18836
3.08548
3.03227
2.65709
3.27381
3.17224
3.09752
3.01947
2.90217
3.10545
3.13086
3.17424
3.03729
2.78692
2.92589
3.20907
2.86976
2.9357
2.73387
2.96642
3.13444
3.03118
3.04853
3.19981
3.21976
2.94632
2.97333
3.12084
2.87501
3.05191
3.13027
3.27258
2.873
3.14443
3.01531
3.09585
2.94443
3.02077
3.02857
2.84243
2.70951
3.12347
3.0808
2.87806
3.15559
3.00975
3.31931
3.11653
2.92151
3.34488
2.82406
3.03943
2.96635
2.93796
3.01247
3.38996
2.85801
3.00186
3.30515
2.85562
3.09192
2.86765
2.86283
2.99089
2.72471
2.7984
2.90407
2.89886
3.00912
3.26078
2.88513
2.74461
3.09371
3.06625
2.81708
3.22801
2.8456
3.03743
3.18851
2.73649
3.02709
3.03763
2.88578
2.8686
3.10194
2.89426
2.92956
3.03947
3.04118
3.27805
2.73643
3.10337
3.25917
2.78241
3.12346
3.05605
3.21099
3.11798
3.07904
2.93956
3.17523
2.87523
3.07532
3.04521
2.94339
2.85118
2.81242
3.11682
3.01542
2.87815
3.05307
3.01721
3.10485
2.921
3.31424
2.66162
3.16092
3.01908
2.82441
3.01898
3.02893
2.93363
2.9371
3.11466
2.97474
2.97657
2.97066
3.00114
2.96517
2.92451
3.21139
2.70452
2.8832
2.66411
3.10642
2.90685
3.12696
3.2633
3.0166
3.11975
2.9974
3.18448
2.90803
2.98215
2.94249
2.71901
3.01452
2.647
2.72035
3.05424
2.64793
3.17044
2.93068
2.90167
2.78024
3.09626
3.07639
2.75532
2.71407
2.77116
3.3933
2.92138
3.21908
3.00907
3.04031
3.0005
3.07453
3.05511
3.12928
2.95168
2.90755
2.90686
3.18636
2.89761
2.91605
3.08309
2.94344
2.9377
3.04379
3.11208
3.10074
2.94693
2.9949
2.71459
3.09173
2.98911
3.0226
3.01906
3.00579
2.68145
3.05968
3.10689
3.09832
2.90024
2.88728
3.04282
2.86067
3.11358
2.68804
2.86967
2.51543
2.98855
2.83395
3.07241
2.99167
2.92257
3.00969
3.20967
2.91062
3.27815
3.08434
3.02799
2.88556
3.07625
2.78441
2.9987
2.82811
3.04422
2.89538
2.79001
2.97133
3.08159
2.9762
2.90831
3.03114
3.31085
2.80023
3.35324
3.00261
2.74175
3.25117
2.80021
2.9986
2.97376
2.76694
3.09023
2.7455
3.18022
2.86738
3.19478
2.825
2.83185
2.82317
3.15287
3.21776
3.00448
3.06863
2.90811
2.88893
3.08041
3.12071
2.92543
3.14435
3.02555
3.02084
3.17807
2.8623
3.1212
3.07556
2.78682
2.97957
3.02847
2.84622
2.89278
3.0467
2.96394
3.18911
2.59343
3.05251
2.89498
3.079
3.05579
2.95395
2.95547
3.22535
2.94722
2.68069
3.21504
3.09134
3.01806
2.77152
2.75591
3.22523
2.87411
3.04367
3.23484
2.79006
2.85806
3.10717
3.16846
2.67586
2.95891
3.01977
2.70487
3.14649
2.9054
2.70153
2.87506
2.88047
2.95953
3.17448
3.27666
2.85709
3.08614
3.0097
2.77338
2.87236
3.05983
2.90397
3.1891
3.35054
3.09762
2.9259
2.7877
3.11395
3.1667
2.99117
2.90624
2.81304
2.83674
3.14255
2.89406
2.69964
2.81236
3.09165
2.95701
3.09846
2.91114
3.15253
2.94871
3.01751
3.06958
3.03552
3.10902
3.4453
2.87722
2.82758
3.08592
3.25089
2.91804
3.2039
3.1007
2.9223
3.19408
3.03981
2.94971
3.00685
2.85831
2.96814
3.04985
3.1762
3.06689
3.01433
2.67617
3.09839
3.22315
2.86912
3.34566
3.05041
3.09461
2.94481
2.97983
3.04241
3.07171
3.13408
3.10927
2.98103
3.07531
3.03847
2.98368
3.04017
2.99987
3.09617
2.90471
3.00993
2.96433
3.1226
2.77881
3.01066
2.90228
3.12927
2.92871
3.0544
2.81618
3.12976
3.04015
3.08581
3.13658
3.25669
3.20003
2.85997
3.02272
2.98509
3.1534
3.07634
2.70297
2.93821
2.99813
2.99902
3.071
3.0872
2.95164
2.92842
2.91636
2.9661
2.94921
3.02185
2.93064
3.0025
2.61598
3.15735
2.78238
3.08346
3.20431
3.24291
3.12177
3.21001
3.23579
3.07496
3.24906
2.81398
3.13399
3.07729
3.24585
3.07845
3.01032
3.30103
3.13978
3.18327
2.75747
3.01168
3.21394
2.88375
3.06159
3.06213
2.99691
2.77106
2.75944
3.06265
3.04348
3.05518
2.9516
2.75624
2.89521
3.03337
2.7052
3.27618
2.82846
2.81842
2.73123
3.19264
2.71103
2.82695
3.11087
2.83682
3.08548
2.98337
3.10579
3.10737
3.06637
2.8237
3.07132
3.2627
3.09016
3.02171
2.7885
2.92039
2.93943
2.79969
2.87484
3.04482
3.0533
3.04966
2.81678
3.14586
3.07207
2.86048
2.87292
2.70972
3.06303
3.41615
3.49094
3.17338
3.20315
2.93306
2.82651
2.91403
3.13714
3.11578
3.09521
3.00823
3.14481
2.54795
3.29403
3.06098
2.93425
2.8759
2.86045
3.12166
3.26857
3.20651
3.13381
2.93639
3.06833
3.13671
3.02039
2.91701
2.92645
3.16181
2.92749
2.90966
2.77258
2.87354
3.02281
3.10483
2.87678
2.78587
2.95901
3.03001
2.98599
2.94253
2.78342
2.97486
3.11276
3.01272
3.27244
3.1339
3.07987
2.90319
3.15841
3.2171
3.15445
2.88188
3.18498
2.95975
3.14099
3.00856
2.98099
2.99936
3.23332
3.00008
2.89918
2.83507
2.93807
2.99385
2.84295
2.9945
3.19736
3.08562
2.93385
3.20004
3.08258
3.12472
2.80083
2.84446
3.00376
3.00576
2.65684
2.90788
3.00699
2.87401
3.05018
3.21706
3.01652
2.79929
2.66614
2.79269
2.98791
2.85362
3.14961
2.90894
2.8952
2.80555
3.03205
3.03445
2.94101
2.92494
3.28154
3.26424
3.04152
2.9055
3.03954
2.9889
3.21981
2.98977
2.71615
3.08413
2.93817
3.18968
3.0441
2.86184
2.92082
2.98521
3.32707
3.0541
2.69145
2.96395
2.96128
2.84273
2.97019
3.06663
2.69242
3.05044
3.20081
3.01275
3.00243
3.12127
3.20429
2.88961
2.94076
3.22829
2.87402
2.85877
2.87201
3.06998
3.30068
2.89947
3.14452
2.99739
3.30553
2.87868
2.98799
2.7722
2.68518
3.10236
2.83785
3.27031
2.7999
3.05701
3.21528
2.87313
3.04938
3.2568
3.14056
2.98967
3.21968
2.91952
2.96666
2.87935
3.01274
2.88842
3.12243
2.87892
3.00135
2.89063
2.88189
3.08997
3.04146
2.99864
2.95332
2.83144
3.04757
2.90267
2.97875
2.97647
2.97611
3.09696
3.04348
2.96528
3.12902
3.13744
2.85526
3.12256
3.0135
2.9566
3.14473
3.04266
3.03175
2.9325
2.93348
3.01709
3.08716
2.8288
3.23771
2.83271
2.9002
3.10472
2.98101
3.19143
2.89071
2.9994
2.88393
3.08322
2.83775
3.02248
3.01426
2.85066
2.9887
2.87559
3.02564
3.51417
2.83451
2.8905
3.07107
3.01544
2.99472
3.00527
2.75734
3.12394
3.03375
2.92386
2.89245
2.9061
3.07574
3.06475
2.89596
3.09456
3.1261
2.87513
2.92351
2.80218
3.0253
3.05434
3.09583
2.68966
2.92239
3.16204
3.00291
3.15406
2.98212
3.0185
3.06596
2.8722
2.89227
3.19205
2.98884
2.9705
3.07529
2.99586
2.72926
2.80677
3.00009
2.98672
2.816
2.74997
3.19955
2.95065
2.79441
2.91196
3.19721
2.99024
3.13925
2.79071
3.08377
3.00249
3.09535
2.79189
2.8128
2.78366
3.02167
2.98328
2.87258
3.02072
2.87444
2.68559
3.08445
3.2512
3.09276
3.06538
2.72711
2.81914
2.96153
2.97923
2.97612
3.15334
3.00042
3.03531
3.13872
2.75797
2.96256
2.91926
2.99071
2.92093
2.81913
2.91572
2.90485
3.34404
3.16833
2.819
3.29846
3.17714
3.02453
2.91458
2.80784
3.27569
2.70626
3.1378
3.10666
3.13175
3.09238
3.16791
3.07321
2.9603
3.13998
3.00085
2.90969
3.01377
3.22699
3.01291
3.15789
2.8942
3.05591
2.81457
3.15652
3.03886
2.88731
2.98797
3.00597
3.30882
3.05687
2.92006
2.8738
2.64818
3.13849
2.88671
3.23165
3.09371
3.03159
2.94514
3.12725
3.09237
3.10719
2.85907
3.12139
3.25684
3.05867
3.1316
3.05909
2.87466
3.24477
2.84891
2.80291
2.88384
3.06672
3.24405
2.95879
2.98537
2.95197
3.14277
2.83748
2.95441
2.7579
3.03466
2.87073
2.96233
2.93001
2.96032
2.9403
2.84824
3.24982
2.9902
2.95853
2.84485
2.79229
2.70554
3.29172
3.01508
2.8559
2.56158
2.7864
2.89243
3.18791
3.1947
3.05759
3.21958
2.98081
2.87114
2.97147
2.84124
2.94434
3.03981
3.13641
3.08527
2.91901
3.08999
2.92809
2.74991
3.03293
2.69602
2.89219
2.92348
2.99096
3.10603
3.32219
2.91305
2.79562
3.07777
3.06267
3.07052
2.93664
2.94729
2.89944
3.11386
2.75904
3.0574
3.08592
3.0022
3.09972
3.06774
2.92773
2.72901
3.00825
2.95844
2.88243
2.89284
3.09346
3.11772
2.88747
3.23039
2.94385
2.87721
2.94387
3.12877
2.80455
2.96934
2.94094
2.9783
2.95781
2.8885
2.57938
2.85598
2.94892
2.81744
3.05507
3.29204
3.00051
3.18412
3.01401
2.81768
3.05198
2.78261
3.03742
3.07393
3.03312
3.09149
3.02666
3.10243
3.01389
2.98841
2.85067
3.00064
2.86889
2.86898
2.80437
2.83709
2.88538
2.85368
3.08047
2.99961
2.73054
3.06881
2.91775
3.13647
3.01781
2.9281
2.66389
3.09048
3.06454
3.03373
3.0658
2.95427
2.79787
2.86118
2.90181
2.99823
2.86165
3.01685
2.88007
2.80236
2.81656
3.07594
3.15371
2.90471
2.9428
3.19906
2.77885
2.91085
2.88525
2.70331
2.51203
3.23824
2.65086
2.88132
3.1114
2.87841
3.03001
3.10699
3.17833
2.56349
2.87442
3.02564
2.96344
3.00235
3.17511
2.99382
3.01411
2.79852
2.98796
3.09818
2.99043
3.04664
3.16619
2.79189
2.79461
2.93403
2.94353
3.05002
3.12349
3.09708
3.05327
3.1356
2.68193
3.18145
3.13847
3.09099
2.96675
2.85606
3.09268
3.04691
2.95996
3.40094
3.09712
2.99687
2.98802
3.08492
3.03805
2.89193
2.93925
3.05325
2.98149
3.17678
2.83965
3.11657
2.94851
2.97003
2.9632
3.16416
3.3437
2.80185
3.19341
2.85767
3.30808
2.92709
3.19222
3.03096
3.03522
2.99165
2.96033
3.02088
3.12668
2.96047
2.85832
3.12467
3.22421
3.02905
2.98458
2.96855
3.10017
2.78459
3.04813
2.99338
2.99866
2.87071
2.97515
3.19889
2.89901
2.88423
3.13025
3.04236
3.11029
2.7682
2.85113
2.77671
2.96442
3.09764
2.95174
2.95122
2.90329
2.74381
3.0216
2.95592
3.29733
3.0079
2.93065
3.08689
3.1577
2.98508
2.75482
2.9448
2.74907
2.79558
3.04647
2.96542
3.0467
2.96749
2.94161
3.27779
3.09706
2.88886
3.07807
3.03244
2.99272
3.10058
3.15951
2.9944
2.85828
3.14464
2.89765
3.09641
3.05589
3.09292
2.84468
3.17918
2.93149
2.97622
2.79785
2.96646
3.04535
2.88462
2.89217
3.04001
2.98253
2.93238
2.946
2.88787
3.14699
2.9128
3.2791
2.79757
3.00449
2.97457
3.20951
3.00951
2.88833
2.85735
2.85907
3.15599
2.98035
3.21247
3.09921
3.20256
2.99526
3.20064
2.97039
2.92093
2.95862
2.99485
3.01233
2.8752
3.06434
3.19021
3.23684
2.99436
3.10219
3.06786
3.37863
3.05315
3.12135
2.83397
3.15547
2.78493
2.98291
2.86742
2.67499
3.09706
3.01181
2.72587
2.90836
2.92875
2.90491
3.12241
3.14525
2.72073
3.0376
3.1033
2.7838
3.10763
3.02528
3.06076
2.8692
3.10267
3.29174
3.16532
3.02222
2.92945
2.92757
2.98638
2.93088
3.13234
3.06831
3.13818
2.87856
2.72231
3.15271
2.82697
3.43719
2.73698
2.89395
3.17777
3.05016
3.04342
3.09225
3.17887
3.06323
3.06797
3.01426
2.92712
2.96055
2.87504
2.80769
3.02239
2.99052
2.73129
3.0472
2.9532
3.1204
2.86079
3.09076
3.11532
2.9364
3.01333
3.17262
2.73225
3.01759
3.05705
2.80636
2.93864
2.90866
2.8935
3.04471
2.89536
3.04625
2.96738
3.03948
3.1749
2.86218
2.79482
2.8433
3.25512
2.67617
3.24925
2.8248
3.05683
2.91507
3.05753
2.98138
2.87886
3.048
3.14998
3.11694
3.01475
2.80924
2.937
3.04907
3.07253
2.98115
2.85469
2.85517
3.03217
3.03175
3.02938
2.82945
3.07801
3.2601
2.93569
3.10178
2.6814
2.87657
3.05755
3.09829
2.99707
2.91632
3.02078
2.81674
2.65083
2.8863
2.99853
2.81545
3.17806
2.76662
3.04636
2.95808
2.79368
2.7639
3.11308
2.96745
2.89982
3.20941
3.01288
2.86823
3.08267
2.94277
3.07804
3.20168
3.09514
2.89308
3.02256
3.36577
3.08919
2.94897
3.27192
3.09589
3.14478
2.92818
3.02327
2.86269
2.9139
2.93518
3.13901
2.80483
3.02372
2.8784
3.0914
3.07834
3.0908
2.97442
3.19741
2.93367
3.33788
2.96555
3.13818
2.82382
3.02318
3.00192
3.19376
2.82959
3.17124
3.15768
3.10721
3.24686
2.83478
2.94697
3.09499
3.37487
2.7818
3.12264
2.99379
2.81505
2.93775
3.19932
3.1419
2.86477
2.96265
2.949
3.01379
2.87554
2.77422
3.0049
3.25615
2.9684
2.85662
2.82757
3.20663
2.91302
3.04934
2.94094
3.27059
2.98072
2.89312
2.80946
3.15009
2.85776
2.89236
3.11879
3.16713
2.85633
2.97781
3.24019
3.0286
3.06378
3.04318
2.87468
2.82818
3.05227
2.9033
3.0585
3.12203
3.01116
2.86305
2.99967
3.00117
2.87672
3.08476
2.60182
2.97234
2.90262
3.0066
3.15177
2.93674
2.97844
3.29046
3.19745
2.97085
3.03858
3.27088
2.92722
2.74342
3.09856
3.16232
2.97761
3.19187
2.77423
2.96999
2.80434
3.09621
2.82219
3.01651
3.13135
2.95837
2.99628
3.04753
2.7261
2.82833
2.85009
3.00924
3.15702
3.34458
3.20009
3.0293
2.74202
2.92715
2.99737
3.15171
2.70925
3.03277
3.0035
2.84965
2.91689
2.83834
2.96094
2.95467
2.94975
2.96666
3.07797
2.849
2.72062
3.04953
2.76624
2.99529
3.21581
3.03349
3.01454
2.8988
3.01049
3.05479
3.18313
3.27996
3.15753
2.98297
3.03372
2.94637
3.16755
3.26288
3.11044
2.8113
2.82061
3.06622
3.13195
3.06076
3.18829
2.92329
2.91468
3.23185
2.86654
2.98056
2.6085
2.97484
2.99674
3.05089
3.18103
2.93952
3.07439
3.17099
3.07817
2.93755
3.15593
2.91803
2.87305
2.96252
2.9505
3.07977
2.8464
2.96286
3.20403
2.94423
3.26583
3.03535
2.88452
3.04758
2.81406
3.09269
3.109
3.13132
3.00788
3.1017
3.07154
3.30439
2.93054
2.99674
2.95671
2.96998
3.07072
3.03268
3.21985
2.98315
2.91342
2.90523
2.85551
3.12994
3.16993
2.88635
3.2622
2.75113
3.01394
2.90224
3.07638
2.81664
3.00192
3.07664
2.85779
3.02148
3.14364
3.11928
3.09833
3.31458
3.05529
2.99524
2.90689
3.12649
3.01555
3.20162
3.04444
3.10874
3.10429
2.88012
3.03861
2.92146
3.3143
2.95421
3.02827
2.94761
2.81089
2.89423
3.18133
2.91256
2.93556
2.84491
3.09652
2.91881
2.77405
3.2979
2.98729
3.02261
2.93711
3.11389
2.91785
2.71888
2.90671
3.04844
3.13641
2.92676
2.88956
2.85557
2.76044
3.0219
2.87398
3.27609
3.04783
2.79319
3.09952
3.02608
3.11812
2.95231
3.00405
3.10669
3.29596
3.2234
2.81756
3.10246
3.04146
3.0067
3.06884
2.82688
3.08911
3.15551
3.20907
2.8442
2.97861
2.85114
2.86745
3.13275
2.73599
3.06057
3.00905
2.94232
2.97673
3.09667
3.04691
3.07728
2.76018
3.20879
2.84179
3.15975
3.07069
3.0284
2.9948
2.92352
3.1737
2.99348
2.85801
2.66198
3.07788
2.86823
2.85165
2.98954
2.89208
2.77708
3.13211
2.91488
2.95102
2.99496
2.85788
2.77575
3.14024
3.13171
2.9614
3.09796
2.86488
2.97747
2.92448
3.10668
3.13848
3.04199
2.99143
2.86285
2.81683
3.2339
2.96219
3.14551
3.12194
3.03831
2.92192
2.90486
2.78779
3.05672
3.16555
3.19719
3.11341
2.80281
3.00929
3.03806
2.99568
3.1029
3.04306
3.03268
2.9686
2.9083
2.73548
2.99369
2.93532
2.76861
2.8123
3.02027
3.12134
3.0393
2.70251
3.40487
3.44242
3.10359
2.80879
2.78571
3.05897
3.03772
3.31376
2.96173
2.93136
2.97039
2.94609
3.02926
3.10074
2.95519
3.00452
3.04642
2.86696
3.04489
3.11425
3.19325
3.08921
2.84947
2.90415
3.09916
2.77219
2.9272
3.08109
3.10098
2.96632
3.06942
2.97051
2.79057
3.08145
2.89991
3.01788
2.98145
2.85124
2.96595
3.03177
2.69986
3.10531
2.88061
2.82734
3.30118
2.8761
3.11979
2.89732
2.92861
2.7723
2.94737
2.99078
2.93067
3.00009
3.01522
3.23807
3.00425
2.9355
3.09695
3.13856
2.98443
3.14197
2.94925
2.72418
3.0365
3.0081
3.05662
2.86132
2.94419
2.68778
3.13614
3.10774
3.03724
2.93674
2.99779
3.12554
2.8365
3.0685
3.11992
3.18308
2.89651
3.13259
2.93929
3.04997
2.99174
2.91368
3.07919
3.10549
3.14465
3.0736
2.87053
2.99113
3.17026
2.96147
2.93345
2.71199
3.16794
3.3173
3.08458
2.81881
3.06212
2.80732
3.38027
2.81182
2.91065
2.94378
2.90651
2.84064
3.12218
3.0369
2.96677
3.09866
3.11167
3.10545
2.98428
2.85727
3.10676
2.82418
2.76748
3.05765
3.13654
2.97883
2.94364
2.96743
3.23154
2.84911
3.00727
3.19464
3.1532
2.75305
2.94527
2.88001
3.11739
2.88022
2.92786
2.87827
2.89198
3.21856
2.80389
2.84049
2.86827
2.88123
3.40437
3.0808
2.97866
3.15062
2.92972
2.96461
3.04068
2.76739
3.10446
2.98233
2.91177
2.6825
2.78813
2.97137
3.04555
3.26471
3.20788
3.11215
2.68061
3.05882
3.11796
2.90967
2.88142
3.07237
3.03787
3.01337
3.10187
2.79215
2.99476
3.11642
2.88199
3.23281
3.33467
2.87568
3.03781
2.86411
3.01373
2.85634
3.03768
3.05126
2.95589
3.07297
3.02454
3.07948
2.73483
3.01988
3.07538
3.15647
3.07513
2.96669
2.88745
3.14206
3.20283
3.03429
2.87201
2.84145
2.88188
3.06647
2.85758
3.16024
2.68608
3.0284
2.78013
2.89972
3.29687
2.97319
3.20137
3.1343
2.93037
2.72173
2.88305
2.96429
2.88556
2.9206
2.93658
2.95735
2.94427
2.97517
2.94601
2.90407
2.8895
2.86475
3.15469
3.05616
2.98005
3.06424
2.83494
3.19961
3.15819
2.74316
3.36371
2.97763
2.92156
3.00372
2.92806
3.01139
3.09527
3.12783
2.85028
2.99266
3.14457
2.77965
2.79102
2.84085
3.14357
2.95441
3.08314
3.05653
2.76926
3.0501
2.98897
3.17052
3.1402
3.06482
3.03169
3.0699
3.16671
2.8374
2.6376
3.00415
2.71202
3.06994
2.7334
3.11573
3.13616
2.91747
3.01655
3.0926
2.9318
3.03795
3.11309
2.98654
2.76764
3.07207
3.18783
3.14744
3.10999
3.17575
3.06811
3.0952
3.09741
3.13564
2.84337
2.85353
3.36675
2.95833
2.77255
3.32772
2.77055
3.14202
2.97436
2.93714
3.05241
3.07724
3.05461
3.18498
3.07643
2.88631
2.75
3.20462
3.0595
2.97919
2.7389
3.07613
3.05573
3.16073
2.81001
3.07881
3.0106
3.24461
3.09261
3.10604
3.00016
3.13114
2.87773
2.89588
2.98598
3.0247
3.00635
2.73807
2.90787
3.22028
2.78437
2.82922
3.09793
3.07031
2.98617
3.01127
2.95995
2.88354
3.16244
3.05025
2.89298
2.94683
2.89707
3.07762
3.1577
3.24348
3.20682
3.00682
2.93847
3.05158
3.01182
2.98304
2.84666
3.05341
2.88135
3.06628
3.00543
2.95618
3.02983
2.83603
2.83686
2.66942
2.92264
2.90364
3.09743
2.92317
2.91612
2.8092
2.95448
3.08355
3.09794
3.28157
2.93542
2.98011
3.01183
3.15845
3.15639
3.06438
3.09525
2.92118
3.11014
3.23327
3.12395
3.50878
3.18193
3.16996
2.97863
2.91982
3.1833
3.17692
3.06708
3.22583
3.26864
2.68079
3.10284
3.32084
3.12535
2.61639
2.97644
2.85603
2.9197
3.10451
3.07189
3.2892
3.1243
2.87226
3.11028
2.98198
2.86218
2.82513
3.04563
3.16207
2.95995
3.00863
3.07531
2.71434
2.9655
2.94982
3.01128
2.8959
3.06928
3.03878
2.74561
2.84023
3.01549
3.153
2.86096
2.88779
3.18599
2.7147
2.98224
3.08131
2.89722
3.01724
3.17431
2.93383
3.04458
2.9128
2.96775
2.91766
3.11258
3.29716
3.10751
2.91368
3.19543
2.97744
2.88727
3.06837
3.01729
2.94944
2.96902
2.98269
3.04096
2.72441
2.87394
3.12442
3.27246
2.97292
3.05557
2.87359
3.03111
2.82619
3.12455
3.1995
2.97265
3.13557
2.84524
2.89541
2.86359
2.79009
2.97883
2.82574
3.07688
3.13807
3.18231
2.93737
2.9499
3.11131
3.10519
2.91669
3.21029
2.84362
2.96809
2.91806
2.96736
3.23264
2.76562
3.16453
2.92875
2.83915
3.01472
3.04086
3.01457
2.94918
3.12494
2.69887
2.88352
3.16121
3.23995
2.94104
3.23684
3.10604
2.82282
2.92929
2.90604
3.03225
2.98144
2.98341
2.88134
2.95874
3.02845
2.99969
3.08024
2.94637
3.00727
2.97647
3.15495
3.20159
3.12784
3.13979
3.23446
3.11813
3.22767
2.69943
2.74669
3.20579
3.19482
3.06594
2.898
3.16516
3.16852
2.98658
2.86727
3.04287
2.92677
2.88991
2.96667
3.00535
2.95615
2.96581
2.91906
2.94611
3.00031
3.06582
3.15776
2.81229
3.063
3.13182
2.73732
3.14148
2.90962
2.80828
3.22911
2.96403
3.09285
2.70792
2.85863
2.99789
2.94259
2.95613
3.03837
2.98443
2.9415
2.98569
3.17105
2.81168
3.10243
2.94434
3.26269
2.88923
2.95018
3.00314
3.13973
3.22075
2.76487
2.77817
2.87849
2.96392
3.25495
2.93283
3.07619
2.9801
3.1656
3.06482
2.91435
3.29981
3.22758
2.92544
3.16432
2.73158
3.0399
2.69273
2.75216
3.14813
2.86393
3.0239
3.08689
2.83116
2.92738
2.92975
2.95702
2.94084
2.73396
3.09542
2.99078
2.99483
3.04039
3.05843
3.09916
3.18339
2.94242
2.96858
3.05002
2.81176
3.17902
3.00547
2.8771
3.14966
3.20618
3.14384
2.95003
2.99259
3.02176
2.74261
2.82066
3.11988
3.08664
3.34713
2.8305
3.13193
2.95357
3.02875
2.80993
3.36111
2.65031
2.98536
2.91964
2.81284
3.05549
2.97094
3.15168
2.89134
2.73581
2.95947
3.06481
3.16219
2.89343
3.21425
2.8982
3.20299
2.99979
3.11842
3.01227
3.00259
3.12419
2.81885
3.06726
3.10002
2.98709
2.86732
2.99095
3.02006
2.94039
3.03019
3.12352
3.13426
2.89161
2.8575
3.00096
3.12514
2.95985
2.97929
2.95005
3.23056
3.30373
3.1218
2.891
2.99218
2.85732
3.1345
2.97899
2.7406
3.02504
2.99932
3.14076
3.08697
3.11627
2.93808
3.10663
3.08258
3.02118
3.15061
2.99779
2.82861
3.1835
2.9221
2.9749
2.94406
3.02438
2.80318
2.92996
3.14818
2.71572
2.81282
3.00983
2.77686
2.88205
2.98568
2.91321
2.89572
2.99144
2.92629
2.92701
2.81601
3.05981
2.93457
2.92685
2.85123
2.77993
2.87429
3.20218
2.77766
3.06959
3.03676
2.87316
2.97812
3.08974
2.91021
2.86888
3.05155
3.01252
3.0751
3.2666
2.93881
2.64128
2.66736
3.11001
2.80673
3.14682
3.15207
2.91326
2.92436
3.21777
2.99871
3.13872
3.01979
2.97496
3.04202
2.99492
3.24912
2.94514
2.87972
3.07031
3.21207
3.09781
2.91469
2.76313
3.36756
3.23189
3.02126
2.91854
3.19983
2.70474
2.84001
3.14332
2.79006
3.00598
2.79774
2.94496
2.84162
3.041
3.16407
3.02091
3.0321
3.21541
3.1693
2.92081
3.06616
2.94007
3.0787
2.97105
2.92106
3.10538
3.15085
3.06285
2.81562
3.17275
3.05168
2.95412
2.98775
2.87899
3.00013
2.6207
2.96117
3.18314
2.90002
2.87164
3.01471
3.12413
2.92135
3.04957
2.9622
2.91461
3.04383
3.09757
2.72606
3.00531
3.17997
2.78896
3.34279
3.21961
2.9107
3.08834
3.08706
2.90285
3.0636
2.80988
3.08521
3.06052
3.20944
3.23324
3.06697
3.114
2.81536
2.84043
2.83824
2.98692
2.94914
2.89265
2.67566
2.95822
3.2451
2.82929
3.14263
3.11858
2.85063
3.00189
3.26846
3.03604
3.07817
3.05658
3.13553
2.88411
2.99538
2.96264
2.6361
2.97702
2.67668
3.11497
2.83485
3.06914
2.91036
2.92776
2.82865
2.98369
2.73548
3.02221
3.0469
3.0497
2.83947
3.0384
3.05476
2.84752
3.01941
3.0196
2.87561
3.2518
3.04209
2.72539
2.96091
2.6593
2.97647
2.92215
3.13723
3.00184
3.19834
2.94664
3.00267
3.04736
3.05083
2.95663
3.10749
3.34459
3.24724
3.07047
3.0186
3.12568
3.16917
3.43364
3.01456
2.95392
3.16028
2.92923
2.93173
3.09498
3.00101
2.85065
2.8657
2.83887
3.19988
3.07631
2.9229
2.88646
2.97573
2.92197
2.95934
2.97491
3.04857
2.73807
3.08921
2.93999
3.16657
2.95944
2.88165
2.92848
3.01381
2.7787
3.27269
3.27889
3.12923
3.24303
3.27008
2.88149
3.02259
3.08462
2.89325
2.9043
2.97635
2.92865
2.70405
2.80936
3.06832
2.90909
2.71245
3.01423
2.8649
3.15173
2.9516
2.66279
2.97096
2.80357
2.84335
2.95135
3.04465
3.10258
3.10617
3.06445
3.15718
2.89357
3.11204
2.91403
3.18703
3.06726
2.70828
3.22771
2.87848
3.00751
2.904
3.2127
2.89425
3.12088
2.83626
3.33143
2.88743
2.94072
3.24531
3.0765
2.93892
2.92925
3.03987
3.14672
2.76796
3.1568
3.10354
3.04498
2.87809
2.80579
2.84958
2.79601
2.54604
2.82382
2.95396
3.0708
2.8133
2.82399
3.09361
2.81476
3.22621
2.89388
2.84266
3.19305
2.7316
3.15927
3.22836
3.02124
2.89805
2.68934
2.8865
3.13498
3.26871
2.84046
3.18936
3.06057
2.8595
3.14769
2.99268
2.98954
2.90404
2.97457
3.27039
3.04024
3.16435
3.21972
3.0917
2.93042
2.99311
3.0349
2.9446
2.93259
2.90236
2.9902
2.72903
3.33303
3.20112
3.06393
2.84126
2.73277
3.04769
3.2455
3.08291
2.86392
2.9164
2.86094
2.96571
2.85173
3.01996
3.03013
2.7629
3.02059
2.82388
3.02949
3.15784
3.13654
2.61033
2.82921
2.80015
3.06703
2.90687
2.93644
3.31284
2.94092
2.87834
2.92057
2.82336
3.02002
3.02322
2.96372
3.09784
3.0557
2.96419
3.17985
3.04429
2.99408
3.12994
3.13751
2.88549
3.02912
3.08643
3.0365
3.28378
2.9784
2.99218
2.99014
2.81461
3.02262
3.06641
2.83886
2.96529
2.77486
3.15124
2.93811
2.94995
3.02688
3.13998
2.94036
2.97119
3.1446
3.03717
2.98897
3.06395
2.85305
2.63864
2.86621
2.98781
2.96963
3.14728
2.96262
3.02718
2.9806
3.18389
3.20488
2.92713
3.01957
2.87077
2.67468
2.96353
3.05162
2.76864
3.08503
2.97607
3.04421
2.99768
3.20112
2.8496
3.14694
2.96189
2.90046
2.64608
2.94842
2.80119
2.9585
2.6061
3.17166
3.05112
3.07505
3.05541
3.0902
3.13765
3.02358
3.09477
2.93326
3.0283
3.1386
3.1474
3.26369
3.31575
2.86734
3.03422
2.983
2.97976
2.9678
3.04771
3.34598
3.00706
2.91965
3.24196
2.99352
3.04248
2.98122
2.83698
3.1586
2.96944
2.7967
2.73547
2.85254
2.59408
2.91498
2.91451
2.78757
3.12895
3.25495
3.0911
3.00833
2.89845
3.04438
2.77193
2.96539
3.07738
3.11973
2.87958
2.91681
2.89824
3.20264
3.30007
3.23719
2.84533
3.26338
3.07439
2.95268
2.98922
2.93706
2.81215
2.92092
2.98465
2.88124
2.8712
3.00011
2.94955
2.80988
2.98323
3.31317
2.46985
2.97526
3.07419
2.9285
2.81537
2.93694
2.99391
2.75629
2.91301
3.00418
2.99241
3.10146
3.02544
3.2819
2.84917
2.95405
2.68792
3.02527
3.08219
3.05559
2.92593
2.97585
3.02963
3.01555
3.34939
2.83748
3.09738
3.13974
3.00331
2.7717
3.18773
3.11038
2.9422
2.87501
2.95355
2.87763
3.05382
2.86337
3.25766
3.10905
3.1203
3.03188
2.82667
3.00423
3.24174
2.97483
2.99565
3.01573
2.82596
3.04078
2.89618
3.02065
3.12083
3.05288
2.9765
3.25704
3.10488
3.07688
3.04193
3.21025
3.12921
2.97206
2.81301
3.0444
3.04078
2.9515
3.15707
3.13255
2.81582
3.01154
3.03833
2.87693
3.0033
2.98934
3.03305
2.93067
2.76482
3.14597
2.85503
2.94672
2.9578
3.0191
2.95863
2.83918
2.98248
3.00882
2.82601
2.98045
2.93069
3.05933
2.81741
3.13626
3.26268
3.04182
3.1308
2.7702
2.99616
3.08367
3.03412
3.15636
3.06118
3.00601
2.84874
3.14999
3.03296
2.60048
2.91185
2.80753
2.91714
3.28865
3.13165
2.95913
2.94179
2.97464
3.01174
3.08941
3.08209
3.06293
2.94531
2.75924
2.99644
3.01885
2.8776
3.13049
3.23929
2.74493
2.9899
3.0907
2.93329
3.20539
2.8035
2.88858
3.0653
2.88287
3.12871
2.78506
3.12295
3.31325
3.11618
2.92018
3.21213
2.84313
2.81009
3.09092
2.99345
3.16189
2.74537
3.20748
2.90569
3.05359
3.05999
3.05596
3.04535
3.02462
3.00521
2.75533
2.74815
3.26481
2.90054
3.11299
2.90916
2.90823
3.03948
3.08915
3.15131
2.97233
3.004
3.09358
3.04835
2.72896
2.98953
2.73691
3.23619
2.9303
2.95132
2.97428
2.98042
3.1221
2.87572
3.20476
2.70763
3.08305
2.86252
3.12054
3.00641
2.90406
2.99125
2.79902
2.95304
3.12499
3.0197
2.97856
2.78805
2.71025
2.90264
3.18097
2.87968
3.12315
3.15254
3.0091
3.04847
2.69649
2.92234
2.8149
3.18787
3.02373
3.08384
2.85371
3.06473
2.82361
2.8592
2.90927
3.19433
3.1514
3.03463
2.95804
3.20295
3.10043
2.85978
2.73483
3.0129
3.02964
3.15299
3.06934
2.85327
3.05233
2.99975
2.85331
2.99413
2.9475
3.10898
2.82176
2.82908
2.9576
3.06927
3.04275
2.96174
3.14646
3.04137
3.08283
3.11607
3.01266
2.96413
3.05603
3.12329
3.13997
3.20155
2.85036
3.07423
3.05037
3.25364
2.95734
3.02413
3.27321
3.08095
3.0179
3.19636
3.07852
3.2167
2.8351
3.23428
3.1592
2.84551
3.03715
3.0314
2.66842
3.23665
3.35789
3.2619
3.06312
3.06073
2.9411
2.97331
2.98941
2.90487
3.02982
2.85343
3.03289
2.88704
2.75389
3.17339
3.0723
2.9462
2.74152
3.30343
3.077
2.86599
3.09084
2.77996
3.13715
3.20819
3.25468
2.83561
3.05595
2.83518
3.11166
3.28277
3.04527
2.73091
3.04559
3.07549
3.25524
2.86716
2.87961
2.86868
3.07633
2.985
2.8633
3.33339
2.97976
3.18809
2.96545
3.02032
2.84611
3.13478
3.10304
2.99766
2.99564
3.33823
2.97657
2.8198
3.09632
3.00459
3.10068
2.99913
3.11323
3.14376
2.98982
2.89502
3.02017
2.97728
3.00681
2.98741
2.8959
3.03924
3.03478
3.04539
2.8616
2.94486
2.78133
3.08089
3.27408
2.86754
2.9355
2.9708
2.97789
3.14985
2.87933
3.15756
2.73409
2.7179
2.8314
2.88147
2.96029
3.15227
2.79158
2.92783
3.05684
3.11276
2.98217
2.92265
3.06101
2.89919
2.85454
2.9546
3.10255
3.00679
2.97084
3.09561
2.98636
2.82227
3.01397
3.22715
2.95097
3.14128
3.25861
2.782
2.9135
3.22519
2.87707
2.99638
3.23527
2.72152
2.88752
3.12872
3.16235
3.04918
3.07726
2.97173
2.7631
3.08352
3.16676
2.9738
2.7046
2.85615
2.7938
3.10347
3.12105
3.31974
2.9435
3.00699
3.05314
3.2929
2.76877
2.94555
2.77332
3.0457
3.07966
2.68839
3.00352
3.05694
3.05085
3.08206
2.92798
3.04596
2.93769
3.21626
3.11496
3.06874
3.30291
2.80698
2.99924
2.99562
3.004
3.00371
3.25973
2.89052
3.06603
2.96116
2.95679
2.98574
3.28316
3.33026
2.90494
3.12274
3.02047
3.06602
3.07745
3.10012
2.9232
3.20338
3.0966
3.12982
2.83081
2.86692
3.23826
3.11644
3.05085
2.64555
2.97736
2.96719
2.98149
3.04431
3.04985
2.86401
2.77717
3.1227
2.90491
2.78125
3.20504
2.84295
3.06153
3.03227
2.95996
3.18754
2.96471
3.04335
2.98779
3.03681
2.87991
2.81357
3.07874
2.88048
3.04964
2.84685
3.09702
3.14717
2.97084
3.19464
2.93175
2.92978
2.91899
3.02258
2.82153
2.8011
3.07317
2.9535
2.98447
2.8344
2.98992
3.0749
3.0961
3.27218
3.05724
3.07042
3.04351
3.02475
3.21856
3.13244
3.33068
2.8503
3.12438
3.28381
2.85484
3.03169
3.01987
3.15962
3.00836
2.98373
2.92031
3.00295
2.98268
3.22724
2.83759
3.06504
3.0643
3.14174
3.09269
2.98634
2.97079
2.84779
2.92371
2.82288
3.07173
3.15541
3.05124
3.12449
3.00668
2.73582
2.95345
2.77679
3.11988
3.12565
3.17414
3.09803
3.2473
2.82621
3.0763
2.94013
2.91786
3.11383
3.08811
2.92015
2.98853
2.68541
3.02843
3.1415
3.13523
3.11092
3.13051
2.95902
3.09278
2.90085
3.09709
3.11341
2.89467
3.10018
2.70262
2.80497
2.91729
2.81357
2.93019
2.90609
2.87182
3.00223
3.01285
2.70265
2.92119
3.03474
3.15765
3.05791
2.98374
2.99297
2.94964
2.83121
3.11323
3.23076
2.97468
2.74219
2.84427
3.03099
3.04265
3.04525
3.30184
2.97997
3.00577
3.24236
2.86808
3.23099
3.05174
2.98871
2.83391
3.10844
2.85279
2.87478
2.92476
2.78279
2.72739
3.07563
2.6326
2.94231
3.23933
3.11404
2.97409
3.06124
3.00629
3.15928
2.86289
2.92907
2.96025
3.16019
2.90882
2.94177
2.7595
3.04541
2.96986
2.71601
2.81005
2.76793
3.04623
3.24659
3.21191
3.05307
2.93067
2.96764
2.89235
3.06155
3.01968
2.86292
2.96402
3.25377
2.97132
2.86962
2.99073
3.16365
3.13418
2.93833
2.90167
2.82038
2.92807
2.98258
2.96012
3.13442
2.93598
2.74693
2.97206
3.11346
2.91359
2.97375
2.987
2.92767
3.16156
2.97487
3.22122
3.01364
3.05487
2.72721
3.04468
3.27998
3.23877
3.31102
3.02314
2.74221
2.98955
2.786
2.77311
2.91631
2.86565
3.24383
2.71704
2.80418
3.09218
2.94228
3.07882
3.02438
2.82116
2.91916
3.1075
3.16236
2.94257
2.99591
3.09659
2.76121
3.09082
2.84114
2.79619
3.04202
3.08643
2.99682
3.20155
3.09915
3.09272
3.0554
2.97003
3.16161
2.86319
3.01495
2.75399
3.24938
2.98326
2.89307
2.88921
3.06026
2.75404
2.77963
3.16731
3.00875
2.91698
3.0191
3.11329
3.05932
2.87542
3.14984
3.12919
3.18698
3.09975
2.71072
2.67236
3.17114
3.01196
3.18468
3.14858
3.00736
2.83679
3.08184
2.88643
3.0028
2.63827
3.13075
2.90665
2.96772
2.96861
3.27666
3.02524
3.23051
3.2201
2.99737
3.03744
3.0064
2.75022
2.92411
3.00461
2.82793
3.08892
2.7129
3.04759
3.08768
2.95077
2.75019
3.21831
2.91384
3.04412
2.75276
2.95721
3.1629
2.85819
3.01494
3.10655
2.91952
3.04274
3.40081
3.16885
2.89976
2.66708
2.94981
2.82796
2.72713
3.03142
2.86476
2.87158
3.2668
2.7212
2.81257
2.9401
2.88588
2.84834
3.15198
3.21423
2.86255
2.96086
2.96181
2.90898
3.17625
2.77898
2.98613
2.81927
2.86308
3.17776
3.1051
3.00637
3.10531
2.71958
3.14531
2.93319
3.06694
2.86091
3.21213
2.94877
2.87479
3.0216
3.00481
2.98709
3.03028
3.03175
2.77756
2.97296
2.87515
3.06326
3.00923
3.002
2.86316
3.06259
2.78243
3.01893
2.95263
2.75333
2.97422
3.15214
3.31015
2.92776
3.17385
2.84388
3.03385
2.77576
3.09944
3.05747
2.9625
3.09197
3.09804
2.84283
3.10176
2.98572
3.04903
3.22489
2.90995
3.2801
2.9711
3.05393
3.27309
2.88979
3.15759
2.90193
2.89989
2.96887
3.09739
2.77504
2.96608
2.88917
3.24262
3.06507
3.02402
2.97998
2.55467
3.12227
3.16491
2.99756
2.70768
3.00563
2.81235
3.32638
2.82702
2.87277
2.84052
3.06035
2.85221
3.3733
3.12895
2.8042
2.8613
2.86081
2.92331
2.95515
3.0703
3.24268
2.764
3.16875
3.25008
3.12574
2.87327
2.9888
3.17282
3.02523
2.89935
3.14134
3.11404
3.02213
3.01881
2.98945
3.09975
2.94381
2.78187
2.72135
2.72735
2.75413
2.95468
2.94621
3.05612
2.93854
3.2024
2.96834
2.85055
3.13541
3.01235
2.91795
2.89761
2.88654
2.97058
2.93839
3.13939
3.31877
3.00666
2.9649
3.05087
3.20413
3.05615
3.19573
2.86628
2.95337
3.07223
3.18638
3.11686
3.04986
2.94865
3.33371
3.31676
2.68254
3.06096
3.02131
2.81963
2.98204
3.10526
2.86285
2.68572
2.91279
3.14226
3.03665
3.19077
3.10514
2.9742
3.12334
3.21019
3.10257
2.8648
2.87651
3.01279
3.12527
2.95671
3.07844
3.03568
2.77534
3.01599
3.23079
2.95611
3.03139
2.8324
2.89922
2.86565
2.91831
3.02851
2.9102
2.92699
2.89615
3.01833
2.92781
2.87644
3.27147
3.11631
2.8886
2.84941
3.05053
2.93514
3.11729
3.0421
2.85265
2.88178
2.82276
3.05507
2.89157
2.90562
2.9206
2.96757
2.9625
3.14477
2.96675
2.66445
2.91638
2.79194
2.76604
2.66471
2.81431
3.21504
2.96043
2.91562
2.92564
3.04751
2.91508
2.72704
2.89493
2.99597
3.00227
2.86877
3.08779
3.03635
2.96752
2.91738
3.00151
3.26576
2.71231
2.7055
3.19648
3.12704
3.25361
2.96516
2.93527
2.91913
2.89242
3.08248
2.93532
2.91542
3.27524
2.74203
3.19365
2.74143
2.88045
3.26701
2.92612
3.11052
3.17799
2.98778
2.78652
3.15482
3.0278
2.94812
3.15078
3.10636
3.09713
2.95409
2.7385
2.99694
3.06992
3.3708
2.9213
3.07487
3.06362
2.93453
3.08463
2.93229
2.90734
3.18826
3.01273
3.16356
3.07756
3.14476
3.09102
3.01488
3.09695
3.11732
3.11386
3.20087
3.16108
3.0836
2.83621
2.93522
3.05617
2.65598
3.28219
3.02566
3.18805
2.62178
3.10728
3.05836
3.3384
3.16445
3.1577
2.88039
3.11856
3.00307
2.83233
2.89336
2.74689
3.15907
2.79092
2.89026
2.84436
2.87098
3.1304
2.71269
2.87539
3.22642
2.91128
2.85929
2.77426
3.02143
3.08627
2.98376
2.70696
3.05861
3.0298
2.78708
2.98837
3.0009
2.96086
3.08009
3.12693
3.30763
2.94998
2.96992
2.7792
3.33516
2.84408
3.102
2.88104
2.99286
2.91931
3.14831
3.01268
3.02719
3.02986
3.01636
3.06785
3.03957
2.9127
2.89039
3.10686
3.24634
3.16988
3.10339
3.08694
2.97147
2.94829
2.77034
3.11054
2.91472
3.04867
2.82745
3.12348
2.70496
2.79866
3.12604
3.1701
2.92378
3.09978
2.88376
2.9726
2.97559
3.02476
3.22303
2.76244
3.06454
2.74246
2.94912
2.88427
2.73445
3.0307
2.94611
3.0658
2.86261
3.09322
2.95223
2.75156
2.96703
3.28335
2.92194
2.93576
2.85982
3.04725
2.62785
2.79593
2.87742
3.17558
3.18084
2.87148
3.23082
2.96481
2.93407
2.87436
2.87207
2.97362
2.86531
2.71952
3.14794
2.98921
3.01963
2.97252
2.73791
2.93117
3.01086
2.86439
3.01403
3.06263
3.10716
2.84284
3.32693
2.93731
3.14036
2.89687
2.98004
2.88841
2.82553
3.14938
2.55595
2.85691
3.12169
3.01298
3.17381
3.11892
3.13078
3.07114
3.09422
2.9319
3.17005
2.82557
2.91044
3.04177
2.89073
2.94497
3.16666
3.03215
3.21449
3.09327
2.94452
3.39455
3.024
2.87028
2.92905
3.27504
3.02056
3.15499
3.11946
2.87784
2.78975
3.01327
2.75783
2.90507
2.84197
2.86568
2.83936
3.02686
2.97706
3.06114
3.13448
3.31255
3.274
2.9181
3.04202
2.86695
3.05607
3.12713
2.82801
3.00564
2.80776
2.90301
2.95015
2.83064
3.026
2.74208
3.04447
3.1352
3.18507
2.85794
2.80061
2.86131
3.05704
3.16515
2.91634
2.98216
2.89327
2.66676
3.04764
3.03125
2.85498
3.2011
3.09531
3.24761
3.07836
3.1123
3.25658
2.94297
2.83195
3.24033
3.00637
3.28545
3.01594
3.10326
2.80656
2.89352
2.90848
2.87386
3.12594
3.03618
3.32029
3.06979
2.95114
3.10689
3.23684
3.06477
2.65625
2.8655
2.90934
2.7253
3.17504
3.20573
2.90921
2.87441
2.80657
2.904
3.22914
3.00969
2.92493
3.12887
2.89281
2.86112
2.98098
2.93592
3.01709
2.94447
2.94749
3.07691
2.91604
3.08716
2.99097
2.83268
2.8781
3.14857
3.06998
2.8846
2.94289
2.7303
3.22818
3.16933
3.07614
3.18418
3.06777
2.90299
2.95247
2.80465
3.44122
3.20184
3.07001
3.06789
3.14786
2.82108
2.74662
2.91398
3.30996
2.97789
3.13278
3.15159
2.84514
3.06992
3.10604
3.05237
2.74157
3.17917
2.83515
3.01904
2.90362
3.10982
2.88119
3.26694
2.98186
3.01552
3.10887
2.84197
2.90221
2.73506
3.12088
3.11891
3.0649
2.9604
3.14318
2.74191
3.15269
3.17958
3.14511
2.68316
3.06216
3.20994
2.85311
2.86318
2.70539
2.88476
3.05182
2.91586
2.68406
3.14651
2.91311
3.03404
2.96428
3.01775
2.65055
3.16637
3.2905
2.8734
2.97047
2.98774
3.14844
3.00379
3.02426
3.01375
2.88949
2.82088
2.92927
3.32971
2.87422
3.16322
2.95544
3.08584
3.05307
3.20869
3.19615
2.96318
3.08269
3.05588
2.96768
2.91938
2.97717
3.01288
2.81599
3.05941
2.91768
3.07008
2.98034
3.03909
2.97887
3.33413
2.97407
3.10693
2.78792
3.00749
3.08683
2.98282
3.17577
3.08422
2.93117
2.8078
2.91018
3.14882
2.99941
3.01242
3.00031
3.00452
3.05761
2.89517
3.09193
2.84536
2.83642
2.89757
2.59598
2.82375
3.04313
3.04928
2.96427
2.7999
3.11551
3.02852
3.08337
2.89079
3.13921
3.15669
3.3247
3.09327
2.91518
2.88022
3.13676
2.84383
3.11538
2.95331
3.05672
2.94635
3.09409
2.95572
2.60794
2.97099
2.62413
3.11255
2.74624
3.0185
2.87093
3.07968
3.16751
3.05066
2.91216
3.13687
2.95397
2.88823
2.93756
2.56341
3.09899
2.99084
2.93892
2.86503
3.02395
2.895
3.16533
2.8464
2.72554
3.18469
3.1099
2.9668
2.94604
3.20644
2.92892
2.93667
3.08841
2.92384
2.60189
2.88487
2.90885
2.883
2.91024
2.89247
3.06165
3.33562
2.97549
2.95716
3.02613
2.92091
3.14386
2.82969
2.83187
2.77071
3.0691
3.02505
3.0113
2.88671
3.10079
3.03208
3.05238
2.96748
3.04869
2.94408
3.18481
2.93395
3.06129
3.21056
2.95418
3.03548
3.33005
2.96349
2.97882
2.77142
3.03327
3.19193
2.86452
3.17924
2.97959
2.78885
2.93521
2.74319
2.87071
3.09932
2.87673
3.13678
3.19469
3.03669
3.17991
2.98227
3.03747
3.24177
2.95378
3.03998
3.18628
2.75192
2.89515
3.1463
2.98137
3.15394
2.7688
2.91108
3.28474
2.57944
2.93782
2.84011
2.91138
2.90693
2.86065
2.93372
2.94937
2.93862
3.03286
3.09617
2.75026
3.06673
2.94437
3.00336
3.20382
3.0936
2.79915
3.24883
2.96309
3.01853
3.04657
3.17539
3.15026
3.2024
3.15186
3.156
3.02219
3.17546
3.17307
3.09744
2.9521
3.06948
3.00678
2.91938
2.75779
2.70848
3.23567
3.0979
2.93358
2.86486
3.09461
3.01341
2.92979
2.81859
3.22419
3.03165
3.02362
2.99343
2.91688
2.81991
3.02881
3.22554
3.37362
2.93286
3.01055
3.20605
2.86393
2.95127
2.68801
3.18555
2.90117
3.13535
2.81747
2.92787
3.0847
3.12033
2.69616
3.23053
2.79922
3.09394
2.95562
2.98842
3.12508
3.15344
3.03687
2.96737
3.1554
3.04642
3.103
3.28952
2.74657
2.75584
3.15249
3.24001
3.17569
2.92215
2.88662
3.41795
3.20224
2.80304
2.74276
2.96805
3.13527
3.01582
3.0191
3.13983
3.03833
3.21195
3.03367
2.7333
2.92865
3.33811
2.99977
3.13873
2.98773
3.03507
3.43349
3.19754
3.06624
3.06217
3.00337
3.03599
2.94955
2.79367
3.08547
2.83348
3.04662
2.81588
2.66411
3.07428
2.90198
3.24268
3.00745
3.10807
3.24902
3.15544
3.04676
3.05439
2.86899
3.04587
2.91542
3.07164
2.81613
2.99098
2.96406
2.80879
3.06394
3.11627
2.78066
2.94813
3.01284
2.91412
2.97809
2.87129
3.10795
3.00646
3.05504
3.13817
2.97276
2.87499
2.83304
3.10581
2.72246
2.94592
2.95743
3.14058
2.9692
3.16357
2.91985
2.92007
3.27944
3.1153
3.13144
3.15941
2.97466
3.19598
2.76368
2.93761
3.03325
3.31623
3.22269
3.14404
3.02453
2.98424
3.11475
2.63473
3.18803
2.95446
2.80644
2.87484
3.01033
3.03465
3.13357
3.06856
3.01208
2.70273
3.00429
2.87756
3.31386
3.13195
2.97411
3.04112
2.77964
3.47706
2.78694
2.92006
2.73245
3.25597
2.91826
2.95823
3.07664
3.12732
3.22998
2.9422
2.91018
2.93692
3.01324
3.20843
3.03799
2.99591
2.95002
2.87869
2.80394
3.27574
2.88057
3.01189
2.92023
2.98629
3.13736
2.98044
3.07179
2.99537
2.94367
3.18309
3.32812
2.86837
3.08414
3.17609
2.83341
3.03914
3.04536
2.93289
2.96257
2.94334
2.80986
2.83725
3.24776
3.0125
2.97334
2.99266
2.94266
3.26135
3.00224
2.91015
2.91504
2.71676
2.94937
3.04518
3.00612
3.17619
2.76993
3.05367
3.04794
3.13142
2.89826
2.90357
2.9662
2.98768
2.9026
2.87637
3.09038
3.11557
3.16746
3.02041
3.01186
3.13035
2.96149
3.12259
2.71009
3.0977
3.15505
2.78297
2.94636
2.92837
3.19288
2.87671
2.79153
2.8616
2.87824
3.27035
3.1487
2.84117
3.36389
2.67783
2.94733
3.13617
2.86897
2.8804
3.01423
3.16273
3.09747
2.83639
3.15109
3.20183
3.20191
3.12885
3.20665
2.70619
3.22911
3.07815
2.89992
3.0219
3.12424
2.78545
2.87635
2.86007
3.23567
3.03691
3.10295
3.00694
3.00134
3.08355
2.93943
3.12183
3.01262
2.92308
3.30294
2.78482
2.88712
2.85046
2.96404
2.95283
3.21582
3.18066
2.62974
3.04502
3.16001
2.80841
3.00882
2.9793
2.94579
2.91876
2.96091
3.25994
3.06885
2.98622
2.92311
3.1919
2.83743
2.85324
3.06854
2.93033
3.10968
3.14559
3.0258
2.89235
2.78333
3.0603
2.70558
3.03207
3.04624
3.11371
2.61285
2.90761
3.01848
3.03758
3.13312
2.98019
2.92816
2.97053
3.01453
2.91011
3.18083
3.10494
3.01521
2.91242
2.89098
2.68653
3.03215
3.1453
2.9994
2.76681
2.92473
3.08488
3.02009
3.21653
3.08298
2.81265
3.3085
2.85681
3.15384
3.08095
3.00064
3.16942
2.93875
3.16181
3.07065
2.86495
3.02162
3.15556
3.31653
2.92857
2.68735
3.12774
2.84004
2.94395
3.06758
2.81586
3.35495
2.8436
2.79134
2.79732
3.00137
2.86683
3.04692
2.90174
3.04046
3.00559
3.17117
3.0228
2.83187
2.93233
2.86183
2.95075
3.05438
2.69177
3.11542
3.31319
3.03074
2.90039
2.93197
2.99854
3.03767
2.9876
3.31721
2.79718
3.15228
2.87303
3.07329
3.28515
2.9563
2.84465
2.80865
3.06484
3.09257
2.92531
3.18086
2.83812
3.07647
2.89314
2.87566
3.11873
3.08999
3.04271
2.9585
2.72747
2.97582
3.06594
2.99046
3.06154
3.15759
2.8804
2.81824
2.77489
2.91215
3.01991
2.85951
2.69756
3.11363
3.15261
2.93191
3.04998
2.96078
3.0778
2.98345
3.20669
2.95525
3.03913
2.81329
2.91801
2.96989
2.68559
2.80435
3.04162
2.9526
3.09098
3.16976
3.03198
2.89133
2.68022
2.88067
3.15471
3.08517
2.81998
3.45347
2.79446
2.82657
2.87522
2.88214
2.70042
3.04655
2.98367
2.85953
2.96891
2.8442
2.88434
2.98485
2.96664
3.05669
2.72821
2.77625
3.08776
3.04273
2.96988
2.79752
3.04935
3.06038
3.0479
3.16484
3.23534
3.19133
3.14708
3.1511
2.92047
2.95499
2.99217
2.88279
3.19369
2.94944
3.02069
3.13948
2.88372
3.20455
3.11882
2.92246
3.17955
3.18749
3.14163
2.99497
3.0019
2.87378
2.96942
2.74215
2.65575
2.85922
3.01818
3.13214
2.97562
3.01731
2.78747
3.02893
3.029
2.88556
2.80233
3.0955
2.69026
2.98656
2.85353
2.67773
2.88593
2.86061
2.90724
2.94831
2.71146
3.03905
2.49335
3.12531
3.31224
3.03146
2.858
2.83191
3.03786
3.00782
3.19147
2.91907
3.24192
3.02251
2.58502
2.99031
2.88405
3.13095
3.03446
2.81811
3.06313
2.94095
3.23394
2.92938
2.76077
2.90314
3.1613
3.08441
3.07517
2.97936
2.97838
3.16642
2.99071
3.06791
3.00541
3.16612
3.17768
2.85262
3.00792
2.80687
2.92682
3.17572
2.98292
3.27782
3.05499
3.1594
3.25009
3.22427
2.81016
3.33618
2.89493
2.94161
2.80865
3.01679
2.95396
3.11858
2.97447
3.10061
3.23943
3.1354
2.8543
2.87153
3.12293
2.65722
2.98492
2.73105
2.89611
3.30999
2.90147
2.73836
3.19771
3.16221
3.02488
2.99223
3.01922
2.71648
3.26697
2.92768
3.08857
3.01208
3.37094
2.93652
2.9233
3.40766
2.93236
2.9619
3.14731
3.18242
2.90704
3.08716
2.83076
3.07415
3.03066
2.84399
3.18866
2.99508
3.08821
2.99616
2.93363
3.07181
2.94255
3.02422
3.04131
3.14205
3.03789
3.13271
2.98635
3.06092
3.07342
3.42905
2.76331
3.14351
2.80963
2.94584
3.16195
2.86222
3.02419
3.07049
3.07843
3.13457
3.14685
2.9465
3.15613
3.16262
2.97284
2.81345
3.07559
2.83734
3.21322
3.09563
2.96707
3.06777
2.7851
3.23356
3.10218
3.09957
2.91307
2.89875
3.00218
3.04414
2.70749
2.56185
2.71755
3.39185
3.29852
2.99334
3.05179
3.08728
3.17009
2.91851
2.9161
2.97372
2.96721
2.85914
3.13834
2.93344
3.05452
2.88423
2.9733
3.126
2.84022
3.1033
2.91445
2.93286
2.94086
3.14296
3.25955
2.86172
3.07217
2.95836
3.01667
3.00716
3.46307
2.79959
3.01878
3.18894
2.87723
2.90667
3.16459
3.11315
2.98445
2.84185
2.92502
2.86062
3.04035
3.05086
2.98125
3.17932
2.96833
2.81852
3.0441
2.96423
2.93202
2.90312
2.64067
2.81711
2.97322
3.12548
3.18082
3.24213
2.97983
3.08043
3.16064
2.96139
3.04218
2.92765
3.03579
3.30915
2.90578
2.8292
2.92413
2.90892
3.07065
2.95589
2.9988
3.18031
3.15111
3.07435
3.11508
3.06564
2.80278
2.932
2.87644
2.88003
3.05723
3.22841
2.98124
2.95386
3.19621
2.81109
3.02465
2.77204
2.96951
3.10794
2.7565
2.84237
3.04768
2.94586
3.03069
3.09241
2.96212
2.86791
2.76666
3.08141
3.02664
2.93176
2.92977
3.16082
3.06522
2.98236
2.99277
3.09783
3.07685
2.78322
3.12643
3.13289
2.84398
2.94477
3.00103
3.00196
2.67651
2.94352
3.61878
2.99243
3.08104
2.81493
2.9977
2.93413
3.06095
3.08743
3.14849
2.95719
3.01666
2.97459
2.97701
2.9967
2.92649
3.08177
2.89483
3.06036
2.97704
3.15928
3.08196
2.94354
2.89189
3.24654
3.03061
3.01764
2.82394
3.00768
3.12313
2.94718
2.95324
3.14369
3.15388
2.87457
2.92106
3.06963
2.70166
2.73017
2.89616
3.23044
2.97368
2.94965
2.97765
3.24451
2.83224
3.065
2.85453
2.95404
3.17437
2.80326
2.93546
2.84462
2.9644
3.03307
3.21307
3.2095
3.01538
2.82971
2.67486
3.00659
3.04472
3.06445
3.20605
2.97771
2.8494
2.84978
3.06261
3.09575
2.73441
3.14747
3.07185
2.96671
3.02839
3.08838
3.26458
2.91461
3.346
3.26768
2.87865
2.79194
2.7133
3.12805
3.08246
3.04099
2.92157
2.92315
2.79251
2.99917
3.00224
2.96824
2.97821
2.97228
2.92029
2.72828
2.93487
2.89378
2.57674
3.04676
2.93384
3.01904
3.1027
3.17953
3.02802
2.84138
2.9864
3.13492
2.90631
3.07601
3.03167
3.27454
2.80491
3.12752
2.71657
3.34021
3.17687
3.06379
3.03219
3.00877
3.21503
2.86244
2.81649
2.77986
3.13069
2.88237
3.07359
3.18701
3.11571
2.8291
3.19928
2.87638
2.89572
3.40749
2.98872
3.17824
3.49523
2.94464
2.95215
2.91704
3.23806
3.04045
3.06067
3.11847
3.05465
2.89619
2.90174
3.00764
2.96638
3.15448
2.82155
3.1988
2.78765
3.00773
3.17983
3.05205
2.79793
2.80608
3.00898
2.66429
3.12683
2.84881
3.02445
2.97666
2.97376
2.99985
2.80401
2.93311
3.14023
3.14186
2.90408
3.04838
3.05117
3.10449
3.10715
2.9687
2.96725
2.79277
3.16132
3.1557
2.81439
3.00895
3.00737
2.92431
3.10649
2.7616
3.08078
2.98699
2.78039
3.3817
3.02056
3.1063
3.2216
3.15445
2.8976
2.87833
2.80757
3.0218
2.98676
2.91571
2.82354
3.17067
2.78306
2.9865
3.13745
2.87517
3.03417
3.02375
3.14782
3.25025
2.87638
3.00473
3.1571
2.88108
2.95064
3.06083
3.13856
2.91774
3.13853
2.90552
2.89635
3.08496
3.06755
3.10525
3.22936
3.11973
2.91885
2.88433
3.0197
3.03711
2.96891
3.22996
3.02361
3.03696
2.98785
3.17628
3.06571
2.73456
3.11609
3.14442
3.06244
3.14089
3.0201
2.98909
2.97405
2.99766
3.11669
3.02358
2.83757
2.96864
2.93679
2.78534
2.98561
2.97812
3.19625
3.17745
3.17568
2.85837
2.8113
3.13136
2.98054
2.69348
2.7381
2.88615
2.92706
2.7976
3.04051
2.78109
2.86989
2.87236
3.11166
3.09232
2.95818
3.0287
2.86757
3.07854
2.79254
3.26024
3.06041
3.35771
3.16483
2.85295
2.95639
3.11651
2.87158
2.90311
3.04781
3.24222
3.06331
2.90921
3.03975
2.90916
3.05095
3.23284
3.13115
3.0957
3.13008
3.34105
3.00004
2.92413
2.89738
2.62988
3.07251
2.91155
2.97638
2.96039
3.00427
2.8847
2.89576
3.08461
3.19935
2.89926
2.74944
2.84863
3.01313
2.96493
2.98462
3.11715
3.08969
2.60206
3.20404
3.14402
2.90179
3.15204
2.99191
2.94177
2.853
3.33661
3.10641
2.89644
3.06713
3.12821
3.07978
3.19108
3.11446
2.91059
2.87832
2.85669
2.94328
2.95315
2.97937
2.64023
3.03046
2.92111
3.01779
3.19509
3.05084
2.9645
2.95783
3.27173
3.07461
2.96179
3.12185
3.23538
3.053
3.19804
2.79938
2.96127
3.03612
2.69474
2.90752
2.99069
2.7448
3.0354
3.04144
2.89475
2.96386
3.00805
3.3772
2.85601
3.10095
3.35015
3.03981
2.95766
3.11552
3.02894
3.15117
2.8727
2.92523
3.07055
3.04431
3.07938
3.05141
2.87638
3.29599
2.9561
2.94875
2.7599
2.78547
2.91142
2.87091
2.95436
3.21134
2.80496
2.92959
3.08382
3.07481
2.82382
2.96797
3.01368
2.99673
2.68462
3.05397
2.86314
3.03144
2.9455
3.25045
2.885
3.2422
2.80005
3.0234
3.06106
3.04591
2.8051
2.96984
2.83811
2.95323
2.73608
2.98699
2.85907
3.07448
2.86407
2.9804
2.80452
3.08044
3.2514
3.15365
3.01762
3.27265
2.99808
2.93737
2.84066
2.95424
2.98919
3.31603
2.93577
2.85699
3.06833
2.99573
3.03908
3.01686
2.97305
2.89274
3.16605
2.76522
2.69027
3.27375
3.01064
2.97546
3.02938
2.89813
2.87141
2.85217
3.10922
2.90474
2.95488
2.99174
3.14441
3.07157
2.68252
3.11057
3.01177
2.92245
3.04935
3.15269
2.93022
2.96459
3.13338
2.91014
3.02272
3.16373
2.86645
3.22651
3.26187
2.93792
2.79102
2.84671
3.20226
2.89563
2.78149
3.14085
2.60873
2.85858
3.27257
2.57018
2.76233
2.81381
3.03399
2.89564
2.88573
3.02573
3.26539
2.79626
2.80642
2.9691
3.01485
2.99646
3.0268
2.84495
3.20603
3.02891
2.87533
3.19011
3.2696
2.74338
2.56211
2.92893
3.25056
3.15518
3.1723
3.09667
2.82428
3.13094
3.08263
3.00911
3.2771
2.98152
3.0536
3.11442
3.02069
3.0714
3.04044
3.25752
2.88452
2.7002
2.92354
3.17293
3.13802
3.01399
2.8596
3.11214
3.10498
3.13611
2.7819
2.9634
3.13272
2.861
2.92703
2.97208
3.04924
3.25216
2.82842
3.31807
2.74757
3.04078
3.08221
3.02641
2.93034
3.02918
2.89151
3.0347
3.04085
3.11098
3.22389
3.00698
2.97336
2.72621
3.10391
3.06088
3.2397
2.85108
2.85422
2.88132
2.78971
2.9584
2.67153
2.8992
2.96359
3.01824
3.16373
3.03102
3.0268
3.20738
2.69446
3.01394
2.8733
3.06519
2.87655
3.12482
2.97177
3.25178
3.00243
2.77436
2.87146
2.989
2.90095
3.08776
2.91355
3.02478
3.01047
3.10123
2.90864
2.6785
3.03763
2.94232
2.91014
3.1391
2.65561
3.20392
3.21833
2.9897
2.95572
2.77455
3.25035
2.79267
2.82177
2.93401
2.84787
2.79542
2.92909
3.21761
2.89826
3.05829
3.05216
3.03528
3.19721
2.94362
3.12152
3.14146
2.88672
3.29468
2.81528
3.05918
3.1186
2.80414
2.99832
3.07137
3.09461
3.12278
3.10484
2.86843
3.09107
2.9764
3.24333
2.77666
3.1415
3.00224
3.06095
3.12883
2.91798
3.27519
3.08258
2.88497
3.05488
3.09068
3.12369
3.26155
2.90421
3.42783
3.07824
2.79045
2.99473
2.78925
2.84105
3.26283
2.68626
3.05119
3.0394
3.12559
3.31486
3.08364
3.01558
3.15926
2.86497
3.16186
2.87876
3.21122
2.95468
3.20203
2.63579
3.07021
3.12323
3.04455
2.85758
2.92427
3.08595
2.92511
3.06077
2.88361
3.00318
2.9977
2.79116
2.90371
2.87516
3.11346
2.85029
2.99309
3.11019
3.24984
2.97418
2.52781
3.44247
2.76308
3.08979
3.09102
3.16966
3.13724
3.07732
2.93856
3.01966
2.84155
3.19507
3.09552
2.87926
2.74092
2.93992
3.09639
2.92695
3.24609
3.19166
3.01324
3.03927
3.03955
3.0413
3.1356
2.95713
2.88789
3.23513
2.88511
3.3333
2.96515
2.45657
2.97166
2.78517
2.93455
3.01653
3.12338
3.24715
2.87421
2.99953
3.21532
2.7333
3.11692
3.2907
2.99628
2.80364
2.95976
3.29298
2.74478
2.85915
3.1365
2.90873
3.00353
2.94111
3.14489
2.89993
3.31866
3.46814
2.89823
2.92664
2.52661
3.01943
3.16675
2.89196
3.06809
2.96627
2.80797
2.64913
2.93251
2.91304
3.16028
3.24484
2.85269
2.79805
3.13737
3.09235
3.08594
3.063
3.05542
3.18297
2.62153
2.90756
2.74686
3.15656
2.96506
2.97109
3.12237
3.13985
3.30637
3.03295
3.12592
3.21548
2.94529
3.11973
2.97344
2.96078
3.3005
2.94026
2.65057
2.98947
3.16289
2.94347
2.89389
2.75469
2.83287
2.92669
2.99815
2.97522
2.65459
2.77892
3.1032
3.0194
3.02404
2.95944
3.04965
3.19169
2.73484
3.17883
2.87059
2.69878
2.92463
2.95167
3.16962
2.83137
3.08073
2.8973
3.05686
2.8411
2.87134
2.89528
2.88158
2.85829
3.07263
2.73515
2.97701
3.24804
2.98552
3.0823
3.11851
2.9833
3.32071
3.1653
2.90925
2.93252
3.07879
2.98513
3.0113
2.96154
3.04199
3.10366
3.00906
2.66665
3.11602
2.93839
3.13883
3.06472
2.97165
3.05222
3.26572
2.82593
3.07006
2.60491
3.01616
3.35359
3.10494
3.208
3.24437
2.96748
3.07267
2.99567
2.80111
2.93839
3.055
2.98033
3.22766
2.91974
3.10014
2.97252
2.86977
2.98766
3.09204
2.83172
2.99605
2.84676
2.59598
2.92441
3.02606
2.83526
2.68765
3.02045
3.01141
3.13304
3.0081
2.99303
2.80696
2.87078
3.1407
2.96439
2.94683
3.03568
3.18509
3.28055
2.98014
2.85123
2.99066
2.87351
2.93486
3.01576
3.14244
2.95839
3.1599
2.9671
3.14046
3.11684
2.9714
2.85822
2.71556
2.84839
2.95346
2.98238
2.99294
3.20575
2.87366
3.21236
3.14734
3.25334
3.07703
2.82394
2.92302
3.04029
3.05952
2.90183
3.08259
3.0741
3.10973
3.24934
2.9838
2.96863
3.15819
2.99467
3.10417
2.90625
2.71953
2.88934
3.087
2.89266
2.86816
3.07852
3.00026
2.9123
3.181
2.74938
2.8525
3.21988
2.96379
2.84084
3.1563
2.71435
3.0304
3.00141
2.92736
2.95313
2.80728
3.30886
2.85579
3.11779
2.85241
3.02483
3.03289
3.1767
2.96055
2.7263
3.18684
3.10281
3.06548
2.89888
3.18719
3.03171
2.81999
2.93627
3.12376
3.16072
3.01497
2.76197
3.11803
3.19146
3.18549
2.99022
2.87857
2.90253
3.11849
2.87637
2.92892
3.18127
3.00234
2.93419
3.03503
2.75631
2.95184
2.86101
2.76309
2.9137
2.8148
3.315
3.20873
2.92346
2.93187
2.95022
3.4207
3.04895
3.17655
3.23203
2.90134
3.14389
2.9929
2.82041
3.04116
2.91465
2.95804
3.12129
3.15297
3.13516
3.18187
3.08652
2.82155
3.24428
3.04566
3.02683
2.82283
2.63245
2.74368
3.09191
2.86387
2.84588
2.99299
2.86214
2.72106
3.25733
3.04784
2.80699
2.98484
2.94151
3.00967
2.98241
3.29646
2.90139
3.07778
3.04234
2.954
3.11383
2.88391
3.00143
3.00681
3.12168
2.66548
3.00586
2.85502
3.25557
2.57399
3.28795
3.1863
3.01264
2.94782
3.01666
3.23349
2.94177
2.69043
2.78653
2.86339
2.91516
2.81252
2.75989
2.72963
2.97912
3.14513
2.84099
2.89903
3.0472
2.99115
3.07041
3.18885
2.75456
2.77314
2.85144
2.83623
3.11329
2.94768
2.89648
3.05099
2.74534
2.97527
2.97631
3.0601
2.84753
3.02639
2.76118
3.08349
3.04408
3.01554
2.7603
2.77479
3.04475
3.11387
3.14631
2.84462
2.93101
2.91663
3.19738
3.24917
3.14328
2.89291
3.10359
3.03004
2.87965
2.8989
2.91141
3.16833
3.18721
3.11063
3.16363
3.00789
3.03684
3.05668
2.80461
2.86324
3.01783
3.03921
2.66314
3.29698
3.048
2.9589
3.18839
2.88617
3.21895
2.94487
3.17915
3.01976
3.20644
2.9657
2.93176
2.98957
2.85364
2.98701
3.07038
3.28063
2.90188
3.19373
2.93512
2.97663
3.07923
2.86025
3.11388
2.92838
3.02652
2.87017
2.95054
3.15894
2.83867
3.16804
3.17563
2.88254
2.90183
3.18758
2.91887
3.32956
3.04991
3.03237
2.859
2.95859
2.9569
3.14538
2.90588
2.87383
2.93832
3.14576
2.88268
2.93342
2.68737
3.05566
3.03072
2.9268
2.92846
3.05305
2.90114
2.6794
3.13201
3.00787
2.94424
3.23095
2.9243
2.98901
3.26489
2.88227
2.99172
3.11346
2.97664
2.90516
3.01387
2.86454
2.90266
2.76685
2.98412
2.74796
2.81708
3.19574
3.18338
3.20047
3.03532
3.11129
3.27112
2.92361
2.97476
2.87812
2.9571
2.93552
3.09168
2.89831
3.23171
2.9259
3.03191
3.04655
2.90826
2.94997
2.95936
3.02254
3.17173
2.90808
2.87666
2.84756
3.23407
2.90758
2.9216
3.00172
2.76535
3.09613
3.13189
3.1002
3.1358
2.87714
3.03031
2.875
2.96552
3.04153
2.91395
3.10856
2.78498
2.97346
3.10367
3.04929
3.01826
3.01946
3.17115
3.18398
3.0226
3.12985
2.88364
3.03478
3.18259
3.00485
3.23395
3.15246
3.39837
3.06264
2.98476
3.1663
2.89363
2.87489
2.99843
3.32882
2.60393
3.04197
2.98685
2.89148
3.19274
3.16064
3.09407
3.02474
2.90772
2.95878
3.05141
2.84856
3.06809
3.00119
2.80292
2.81848
3.29906
3.16634
2.78113
2.91404
2.83561
3.16339
2.96179
2.97134
3.16336
2.9474
2.78697
2.83889
2.96018
3.19172
2.79489
2.76873
3.05997
3.06051
3.094
2.92502
2.96761
3.254
3.10885
2.75586
2.74236
3.06472
3.05021
2.97036
2.93739
2.94573
3.13744
2.92939
2.87768
3.06495
2.97356
3.0133
2.92568
3.07168
3.08618
2.96946
3.0482
2.79778
2.90349
3.04844
3.13551
2.94323
2.84959
3.22201
2.97653
3.20133
2.80694
3.01771
3.10531
2.95127
3.06812
3.14663
3.18129
2.68871
2.83599
2.98523
2.93349
3.09086
2.76271
2.99313
3.0168
3.17701
2.77391
3.11829
2.85604
2.83924
2.81557
2.99667
2.89639
3.02637
3.08681
3.32242
3.01176
2.93374
3.18567
3.21067
3.01693
3.02174
2.91705
3.00072
2.97171
3.05523
2.78565
2.65496
2.99204
2.95979
2.74748
3.11737
3.07309
2.97708
3.13198
3.17544
2.79444
3.23918
2.86639
2.91855
3.24517
3.11587
2.78694
3.22498
3.06582
3.00823
2.60789
3.09818
3.04041
3.1455
3.23758
3.0174
2.98561
2.94771
2.99094
2.93329
2.98064
2.96727
3.16357
2.85605
2.96851
2.77696
2.86381
3.16279
3.21309
3.13242
3.02596
3.11928
2.78336
2.82888
3.01252
3.03896
2.93077
3.11147
2.92465
3.12825
3.08012
3.05066
2.97575
3.13015
3.0957
3.29964
3.05832
3.2658
2.94746
3.00591
3.12011
3.26587
2.90888
2.70846
3.15998
2.92199
3.09882
2.79179
3.14542
3.01109
3.09589
2.8668
2.89458
3.23624
3.14154
3.0391
3.16324
3.10208
3.17866
2.89907
2.85257
2.95211
2.70011
2.89027
2.90623
2.75074
3.01916
2.82557
3.02098
2.97348
3.26274
2.6798
2.98902
3.16797
2.85031
2.85251
2.92063
2.9699
3.3646
2.97311
2.87156
2.72149
2.909
2.90811
3.11336
3.35474
3.14474
3.03541
3.12137
2.95282
2.99659
3.24921
2.77128
2.77097
2.72219
3.1485
2.67202
3.11898
2.95092
3.01979
2.88212
2.85949
3.11164
2.81442
3.11438
2.92579
3.03527
2.95971
3.04639
3.06542
3.02371
2.89241
2.80888
3.2927
2.88526
3.41176
2.7749
3.00078
3.1845
2.79333
2.73752
3.12978
3.24273
2.9552
2.9371
2.78718
3.17854
3.08651
3.09324
3.1486
3.02891
2.54275
2.89071
2.80175
3.00788
3.20434
3.15286
2.7585
2.807
3.13673
2.93116
2.90799
2.89942
2.80089
2.94605
3.06504
2.84934
2.90113
3.11265
3.04285
2.72418
2.88091
2.60969
3.04785
3.2623
2.82417
3.17277
2.9642
3.00703
2.99963
2.91165
2.86031
3.07247
2.85683
2.81838
3.0531
2.87616
2.99282
3.32085
3.01282
2.96239
2.84209
2.92919
3.01761
2.89722
2.99722
3.20316
3.09141
3.17867
2.99033
2.71335
2.96928
3.04257
2.98685
3.11385
2.90585
2.99527
3.24074
2.84997
3.08803
2.86136
2.79389
2.92967
3.16016
2.79089
2.88407
3.14914
2.75979
3.00977
2.8852
2.94649
2.7504
3.13591
2.94266
3.14364
2.92828
2.96374
2.89517
2.97892
3.05903
2.76179
2.93842
3.05956
2.91908
3.18454
3.10243
2.85285
3.01784
2.96529
3.11115
2.92781
2.93844
2.98649
2.92594
2.93624
2.88205
3.10582
2.90562
3.02398
3.25321
2.98557
2.76272
2.85163
2.96948
3.01115
2.80611
3.25361
3.04271
2.81556
2.96397
2.67627
2.87462
2.97699
2.86911
2.70671
3.02006
2.98582
2.62468
2.97698
2.75799
3.03613
3.02622
3.024
2.96127
3.02437
2.94229
2.94353
3.34989
2.91954
3.06239
2.84316
2.9825
3.09301
3.28909
2.88376
2.97511
2.92248
2.96985
3.1161
2.94985
2.93449
3.04775
3.03174
3.09488
2.92936
2.56862
2.98086
2.8489
3.0133
3.07725
3.14007
2.99955
3.12147
2.97947
3.00352
2.85743
3.23406
3.04636
3.09871
2.78592
2.88618
2.85513
3.21065
2.96081
3.31651
2.92244
3.02815
2.98372
3.25686
3.32342
2.94353
2.93384
3.02149
3.00905
2.87483
2.76509
2.99394
2.92108
3.07496
3.20411
2.98645
3.1693
2.75787
2.79421
2.96524
2.77698
3.0703
2.97813
3.16742
3.27497
2.67173
3.09457
3.11039
3.15569
2.98368
3.06564
2.7504
2.86267
2.94492
3.12946
3.04591
2.86261
2.92424
2.99172
3.07909
2.8592
2.97061
3.0401
3.03969
2.71497
3.04986
3.02931
2.93058
3.04395
3.23186
2.86013
2.77338
3.16829
2.80056
2.94383
3.02553
3.19337
3.01538
2.72487
2.70312
3.01841
3.14475
2.89175
2.95446
3.10494
3.21363
2.73459
2.70755
2.98288
2.94979
3.14473
3.02759
2.85916
2.95459
3.09964
2.99587
2.97838
3.18572
3.03602
2.8435
3.09785
3.05873
2.90087
2.93047
3.14386
3.03804
2.81392
2.93033
3.02876
2.77742
3.04839
3.04004
2.92553
2.86049
2.85912
2.97121
2.83113
3.04809
3.09671
2.90067
2.87801
3.01914
2.77304
3.13345
2.71624
3.00357
2.98823
3.10613
2.8363
2.97301
3.0264
3.0472
3.32448
3.06554
2.99093
2.91887
2.83623
2.5923
2.88463
2.87907
2.92829
3.2375
2.88526
3.09125
3.08806
3.25513
3.16112
3.30272
3.12034
3.04888
3.18924
2.84483
2.95744
2.97517
2.80424
2.66883
2.59723
2.80841
3.15665
2.8737
2.86752
3.03424
2.99044
2.91557
2.82281
3.02607
2.95861
3.02305
3.05317
2.99952
3.01543
2.91047
2.86696
3.29524
2.8693
3.28542
3.24695
3.18849
2.92396
2.90938
3.09882
3.03124
2.98349
3.24839
2.82974
2.93432
3.03096
2.59088
3.18364
3.0559
3.19947
3.0121
3.07294
2.85951
3.02865
2.94833
3.12913
3.01434
2.92258
3.04118
2.97036
2.84762
3.09998
2.92558
2.75506
2.72063
2.76876
2.96232
2.80987
2.63335
3.10455
2.84606
3.21876
3.07832
2.86891
2.85939
2.95571
3.24307
2.90461
2.87417
3.05644
3.31793
3.01966
3.20799
2.91373
2.90256
3.17994
2.74826
2.95323
3.17632
3.21787
3.09516
3.00349
3.21189
2.81783
2.99157
3.12256
2.81599
2.93508
2.87331
3.20047
3.00776
2.88338
3.14377
2.66734
3.09263
2.87493
2.99086
3.1722
3.24782
3.09871
2.93857
3.10601
2.94183
2.87293
3.1093
2.95773
2.94726
2.82311
2.92582
3.19936
2.96815
3.14397
2.96323
2.95904
2.91032
2.9851
3.21263
2.86207
3.01316
3.10861
3.05055
3.06996
3.27772
2.74578
3.22113
3.07917
3.0903
2.95556
3.15696
3.06212
3.05824
2.99286
3.03638
2.78682
2.85706
2.79854
2.79648
2.90786
2.96064
3.2431
2.91125
3.1448
2.90757
3.0615
2.97528
2.95502
3.09274
3.04826
2.95347
2.91569
2.94992
2.9107
3.04263
3.02448
3.20413
3.02273
3.088
2.94868
3.12472
2.90529
2.9374
2.90787
2.92122
3.05153
2.84206
2.96851
3.04351
3.15604
2.93646
2.97736
3.14604
2.91338
3.01413
2.81574
3.03067
2.71258
3.32275
3.16409
3.03339
2.94804
2.88602
2.79983
2.97363
3.13744
3.06278
3.10452
2.98377
2.93742
2.89978
3.15441
3.20377
2.65503
2.83704
3.03462
3.19739
2.73269
2.94447
2.73559
3.14419
3.25053
2.85921
2.88306
3.00547
2.73938
3.02859
3.07872
2.96853
2.84493
2.83192
2.94694
2.96766
2.8586
3.02449
3.06873
3.08333
2.94368
2.92655
3.02158
2.89443
3.41791
2.961
2.90029
2.7329
2.90043
3.04503
2.84946
3.07361
3.02763
3.0545
3.01419
3.20076
3.0702
2.84932
3.19053
2.81719
3.02279
2.91576
2.81845
3.05149
3.04161
2.96401
3.20746
3.28283
2.90586
3.20605
3.00948
2.79342
3.0013
3.28112
3.16217
3.04293
2.89331
3.21964
3.05183
3.06426
3.42317
3.15777
2.74736
3.11248
2.92901
2.64508
3.04492
2.82004
2.66433
2.84215
3.27904
3.05942
2.99042
3.33657
3.07389
2.80709
3.14005
2.80444
2.82255
2.98561
2.9277
3.17663
2.97406
2.73988
3.11116
3.11635
2.93004
2.85923
2.83765
3.12586
3.10356
3.06208
3.13673
2.89808
2.93205
3.20951
3.03707
3.09162
3.21398
3.27187
3.0148
2.63961
3.09223
3.00313
2.97786
2.90676
2.94066
3.00248
3.2272
2.97324
2.93009
2.90223
2.97838
2.82366
2.98567
2.92157
3.11978
3.12973
3.17232
2.98343
2.91832
3.03647
3.03721
2.84254
3.17767
2.90412
3.01234
3.37176
2.87353
3.02322
3.06837
2.97952
3.08802
3.38735
3.16027
3.05861
3.24799
3.22942
3.06461
3.10257
3.25915
3.13711
3.13224
2.91124
2.95006
3.17473
3.43799
3.13967
2.72836
3.11775
3.04835
3.20351
3.02179
3.18617
3.02518
3.14027
3.08249
3.22139
3.07588
2.9858
3.07687
3.06553
3.08042
3.19042
2.93058
2.84731
3.04047
2.77084
3.14152
2.90178
3.20652
3.11969
3.07992
3.13264
2.88952
3.25619
3.19357
3.00703
3.24914
2.89465
3.03093
2.87233
2.88115
2.83937
3.26063
2.89741
3.10934
3.0741
2.95158
2.92613
3.06972
3.04095
3.17089
3.27055
2.8364
3.13214
2.99491
2.90642
3.00569
2.96942
2.97907
2.97923
3.0552
3.17403
2.9014
3.31645
3.09672
2.9269
3.02981
2.84302
3.11196
2.98785
3.06847
2.92821
3.0141
3.05519
3.01553
3.27755
2.84241
3.14257
2.96383
2.89116
3.09274
2.78254
3.00366
3.01832
2.99559
2.9348
2.86636
2.87558
3.21293
3.15226
2.92527
2.77292
2.90486
2.87506
2.84491
3.06956
3.14273
3.192
2.95063
2.80921
2.87003
3.42614
3.03003
2.70995
2.83295
2.91109
2.91981
3.0267
2.78564
2.88265
2.80823
3.04692
3.00247
3.09891
2.80835
2.71181
3.03963
3.31389
3.01974
2.89907
3.20085
2.96963
2.97735
3.0203
2.88212
3.01943
2.74925
2.83066
2.93026
2.94841
2.80572
2.98344
3.01305
3.12497
3.10038
3.31086
3.09143
2.6649
2.84868
2.95442
3.04028
3.11668
3.11902
2.97197
2.95294
2.9794
2.98239
2.82725
2.99061
3.40836
3.13544
2.93905
2.99739
2.82799
3.09784
2.968
3.13943
2.90087
3.14343
2.94797
2.88285
3.19783
2.89999
2.81837
2.88203
2.95641
3.06831
2.91107
3.15662
3.23403
3.18064
2.96692
2.92484
2.98015
2.92218
3.01313
2.88782
2.90841
2.81647
3.10602
2.82683
2.98094
2.66927
2.89865
3.03964
3.07001
3.18928
3.18175
3.10191
3.16446
2.969
2.86882
3.22392
3.30706
3.08649
3.18334
3.04224
2.91065
3.10664
3.17884
2.92244
3.09025
2.96596
2.94106
3.15238
3.0938
2.82651
3.13661
2.96013
3.08369
2.78274
3.11341
3.34398
3.21008
3.06705
2.81948
2.91574
2.77394
3.18243
2.78761
2.83398
2.76282
3.31192
3.35048
3.0101
2.93216
3.2906
2.96329
3.03436
2.73465
2.96163
2.98849
3.243
3.25063
3.14963
2.98372
3.15088
3.10139
3.01949
2.73988
3.13904
3.00833
3.17408
3.14133
3.01388
2.89418
2.86933
3.02308
2.88091
3.05198
2.79843
2.98202
3.00377
3.04037
3.18841
3.21401
2.69655
2.95003
2.95438
2.77713
2.93476
2.91415
2.98319
2.89904
3.01309
3.08005
2.86822
3.01432
3.1639
3.07322
2.89885
2.97371
3.13456
2.80591
2.97434
2.9067
3.08383
3.05315
2.82991
3.00756
2.82035
2.84949
3.17468
2.95942
3.14116
2.86517
2.7968
2.96451
3.16032
3.10352
3.39619
3.03287
2.85088
2.9646
3.08376
2.93393
3.19449
3.02335
3.21607
3.00328
2.91372
3.19589
3.10882
2.95692
3.03388
2.52737
2.95098
3.06189
3.05327
2.95094
3.19051
2.83501
3.13176
3.07011
2.96833
2.90289
3.12331
2.92844
2.90613
3.21318
2.90859
3.13097
2.99167
2.79026
3.38837
3.22864
3.08504
3.22649
2.7941
3.03196
2.95305
2.92956
2.95175
3.1754
2.8509
2.73088
3.02568
2.87868
2.87386
3.20332
2.86423
2.91796
3.10728
2.96609
2.91687
2.82676
2.96327
2.98474
2.8363
2.62059
3.1568
2.78994
3.12301
3.07026
2.77248
2.92025
2.76859
2.6476
3.10972
3.11067
3.12729
3.00789
3.05413
3.09766
3.11124
2.77169
2.91216
2.70694
2.91031
2.84696
3.2443
3.01336
2.7317
2.80558
3.21157
2.96921
3.16506
3.00359
3.08525
3.13668
3.07951
2.80652
2.90598
2.77153
2.91063
2.90961
2.85491
2.85154
3.19573
3.05253
2.96482
2.85236
3.06582
3.08976
3.21234
2.81017
3.29372
3.02924
3.08552
2.89772
2.88681
2.9867
3.01036
3.05224
3.0716
2.84368
3.14557
3.3289
2.92237
2.97606
2.88897
3.1558
2.85241
2.96066
2.78549
3.17816
2.88636
2.74626
2.8592
3.06841
3.15576
2.97471
2.94881
3.12088
3.03889
2.9841
3.12515
3.03042
2.95961
2.88404
2.96568
3.12943
3.041
2.92675
2.82401
2.92378
3.1154
2.77253
2.8859
2.96655
3.16166
2.75355
2.84212
2.97437
2.92671
3.15897
2.83932
2.92469
2.94775
3.00739
2.85544
3.0765
2.90897
2.87161
3.10771
3.01665
2.82724
2.9073
2.98289
2.79018
2.93337
3.36271
3.12874
2.99816
2.81646
2.88863
2.76393
2.95791
3.0448
2.94902
3.2486
3.0222
2.84619
2.83077
2.95377
2.93927
2.97186
3.19898
3.22966
3.2002
3.01141
2.76047
2.8371
2.73816
2.86289
3.13828
3.19033
2.94313
2.89931
2.89946
3.30976
2.82885
2.9601
3.19292
3.25655
2.98423
2.99746
2.87479
3.0948
2.98815
3.13509
2.85894
2.90117
2.91825
2.95513
2.79363
2.96177
3.0222
2.98349
2.86369
3.02201
3.03479
3.19894
2.92228
3.20296
2.98096
2.83751
2.95736
2.75005
2.98374
2.85714
2.90267
2.88822
2.87083
3.10127
3.08002
3.25444
3.21532
3.17658
3.12964
2.64634
2.92552
3.35828
3.15489
2.88503
2.85403
2.90927
3.07912
3.0415
2.93844
3.02581
2.91324
2.85722
3.18968
3.01532
3.00082
2.92253
3.02288
3.0882
2.89263
2.9867
3.10905
2.91725
3.02462
3.17438
2.90146
3.02024
3.42574
3.15867
3.19522
3.32593
3.21243
3.11321
3.02895
2.80837
3.02814
3.03714
3.06661
2.62645
3.11877
2.8134
3.05801
3.30188
3.12599
2.98007
2.96071
3.15591
2.90537
2.92977
2.94056
2.99873
3.17959
3.03827
3.11053
2.86753
3.30346
2.90428
2.97313
3.40074
2.94713
2.8414
3.2686
2.89263
2.89175
3.17097
3.222
2.96251
2.75647
3.30973
3.46573
3.33647
2.94379
2.88357
3.01019
3.03634
3.10062
3.54446
2.85994
3.20597
3.10553
2.69375
3.1268
2.85655
2.76003
2.85332
3.0894
2.94249
3.00693
3.05614
2.79907
3.23616
2.9252
3.25056
3.23819
3.15893
3.14549
3.1021
2.97281
3.18112
3.07756
2.84438
2.86584
2.70927
3.21079
3.03188
3.07469
2.82681
2.9325
3.23683
2.82708
3.35341
3.15729
2.97273
3.20011
3.01419
3.2102
2.99542
2.91762
2.80582
2.84814
3.26506
3.09855
3.01631
3.22247
3.31512
3.00954
3.06035
2.90289
3.08007
3.08163
3.29459
3.06746
2.96693
3.14163
2.83647
2.80429
3.01535
2.88233
3.12887
3.06482
2.87763
3.12167
2.94576
3.17533
3.10318
3.17379
3.11233
2.97809
2.96642
2.81344
3.18277
2.98128
2.95088
2.81644
2.91206
2.9097
3.1783
2.84735
3.15154
2.94194
2.87663
3.36351
2.95408
2.97793
3.05057
2.88066
2.97443
3.0476
2.85677
2.95029
3.21136
3.1637
3.12927
3.0205
3.01652
3.08689
3.04805
2.91327
2.95458
3.03767
2.91804
3.03867
2.89096
3.02713
2.93939
2.56034
3.30874
3.14859
3.10074
3.02978
2.75347
2.74156
2.82127
2.89078
3.08664
3.23499
2.9186
3.03991
2.97187
2.96252
2.97117
3.03789
3.00996
2.96849
3.19681
2.58817
2.87027
2.94435
3.09117
2.94676
3.04075
3.04024
3.12927
2.98213
2.92501
3.04664
2.88575
2.74244
3.02321
3.00882
2.95337
2.9026
2.92784
2.89352
3.18522
2.93076
2.84979
3.04191
2.82324
2.94143
2.93901
3.08096
2.87304
2.9514
2.94514
3.27592
3.14926
3.19078
3.12905
2.94193
3.11012
3.02978
2.99886
3.14587
3.01668
3.19226
2.98235
2.80706
3.01835
2.96814
3.24198
3.0575
2.86204
3.3779
3.08669
2.87292
2.98174
3.13791
2.84901
2.99527
3.05388
3.08615
3.003
3.08254
2.79124
3.03816
3.02426
3.03261
3.08814
2.9126
2.88643
2.69077
2.92346
3.02169
2.95196
2.75964
2.94936
3.27233
3.13186
3.02581
3.24604
2.87461
2.8519
2.82929
3.12858
3.05222
2.92262
3.05865
3.03276
2.95314
2.88775
3.01412
2.95083
3.07416
2.93937
2.952
3.06852
3.05928
2.62959
2.87494
2.79655
2.82288
2.89204
3.07806
2.99269
3.05078
3.03343
3.19583
2.89889
3.09512
2.90904
3.07576
3.11001
2.69732
2.80909
3.09739
2.81007
2.93747
2.9129
2.83939
3.23475
2.9459
2.87751
2.80541
3.00461
3.21671
2.86919
2.91999
3.06936
3.02067
2.69314
2.96859
3.07959
2.78284
3.1453
3.18882
2.89307
3.02501
2.49452
3.02595
3.17068
2.80902
2.94383
3.19188
2.89796
2.76869
3.28062
3.081
3.1034
3.33596
3.03791
3.02375
3.00733
2.85755
3.0335
3.16329
3.29508
3.06791
3.08407
2.87528
2.90813
2.83792
3.27936
2.84009
3.10948
2.9678
3.00616
2.79962
2.91927
3.00073
2.83301
3.22467
3.18453
3.19168
3.11274
2.89658
2.83559
3.08113
3.05756
2.95472
3.22659
2.76925
2.8868
2.90497
3.15891
2.81232
3.01302
2.89852
2.73973
3.03879
2.80218
2.82771
3.06688
3.26298
2.71767
2.99122
3.26526
3.01005
2.95382
2.57334
3.03813
2.97844
2.90879
3.06703
3.24271
3.06348
2.76325
3.04303
3.12229
2.86693
2.94161
2.93423
2.99422
3.13363
2.68503
2.99231
3.09896
3.21234
3.02737
2.82675
3.08884
3.03463
2.8503
3.00996
3.08928
3.05105
2.69592
3.24562
2.74714
2.85007
2.77979
3.22434
3.24504
2.78332
3.25345
3.05188
3.04395
2.73942
3.13764
2.97082
3.20554
3.06746
2.85458
3.02589
2.94606
2.73846
2.98379
2.83784
3.14969
3.16207
3.11898
3.14752
2.94559
3.00036
2.82996
3.043
2.98652
2.98625
2.8571
3.11869
2.97439
2.48691
2.99806
2.97633
2.76828
2.92811
2.96631
2.9847
2.96165
3.4795
2.86633
3.10619
2.82784
3.06619
3.08379
3.01877
2.67004
3.09149
2.96977
2.93262
3.01547
3.00747
2.79007
3.06229
3.19103
3.01256
2.94928
3.25293
2.93844
3.08844
3.17398
3.10975
3.02098
3.02831
2.937
2.73334
3.05873
2.69009
3.08548
2.73904
2.92958
3.21056
3.10626
2.925
2.81089
2.85643
2.87055
3.10126
2.87247
3.21526
2.76394
2.82404
3.18291
3.17979
3.08129
2.82368
3.10943
3.19169
2.90494
3.28891
2.85795
3.19316
3.30514
3.12387
3.33517
2.8726
3.05809
3.02551
3.04177
2.83954
3.20431
3.05111
3.08346
2.87032
2.8558
2.73272
2.91254
3.23991
3.28901
2.84539
3.17734
3.15072
3.12725
3.00545
2.90232
2.9303
2.99582
2.93229
3.17437
3.09574
3.1375
2.87161
2.79058
3.01133
3.20071
3.15636
2.97
3.03729
3.33597
2.97686
3.04423
3.00857
3.13105
3.02356
2.79668
2.95922
3.10905
3.01806
2.97126
3.1495
3.06588
2.83891
3.07449
3.06835
2.95575
3.05582
2.93099
2.87651
2.96154
3.26889
2.90259
3.4512
2.75854
3.01352
3.16029
3.05773
3.09054
3.02506
2.99019
3.02638
3.21169
2.9098
2.68912
3.0548
2.97312
3.06262
2.81471
2.98222
2.94245
3.08218
3.19993
2.84779
3.10213
3.41498
3.04686
2.97495
2.92058
3.21162
2.89079
2.94669
3.08928
3.09904
2.83353
3.01637
3.03075
3.06469
2.83693
2.94838
3.28314
2.67664
2.69659
3.2928
2.98747
3.00228
3.24073
2.93784
2.78249
2.88076
3.16346
3.01145
3.02708
2.84433
2.82286
2.70553
3.02752
2.77274
2.83613
2.989
2.99889
3.24733
2.99026
2.85273
3.09664
2.84889
3.18568
3.03611
2.94545
3.16926
2.99002
3.1483
2.96196
3.20965
2.86565
3.11921
3.0685
2.93842
2.79487
3.07641
3.1225
2.8774
2.69433
3.01964
2.85766
2.97245
3.33636
2.96792
