0 3447.77
1 3086.59
2 2965.13
3 2963.97
4 2812.51
5 2856.02
6 2784.58
7 2912.09
8 2875.77
9 2598.15
10 2963.83
11 2580.57
12 2864.06
13 2674.01
14 2556.57
15 2690.27
16 2771.63
17 2551.34
18 2422.27
19 2248.59
20 2324.56
21 2327.03
22 2301.37
23 2301.37
24 2346.29
25 2158.36
26 2538.84
27 2490.57
28 2567.03
29 2399.78
30 2416.25
31 2516.07
32 2414.79
33 2493.68
34 2273.03
35 2132.15
36 1952.43
37 1952.43
38 1952.43
39 1952.43
40 1952.43
41 2055.4
42 2055.4
43 2055.4
44 2055.4
45 2149.68
46 2050.01
47 2062.06
48 1606.57
49 1892.61
50 1926.56
51 1819.93
52 1950.76
53 1915.84
54 1915.84
55 1915.84
56 1836.77
57 1776.13
58 2027.17
59 2078.85
60 1971.41
61 1977.48
62 1707.27
63 1708.65
64 1684.67
65 1796
66 1707.46
67 1567.33
68 1620.5
69 1611.28
70 1588.9
71 1666.42
72 1647.86
73 1583.11
74 1521.31
75 1636.78
76 1615.37
77 1650.16
78 1611.14
79 1541.69
80 1618.37
81 1424.67
82 1578.25
83 1292.34
84 1257.89
85 1190.53
86 1159.63
87 1071.94
88 1088.82
89 1178.66
90 1139.21
91 1071.94
92 1035.01
93 1135.31
94 1075.77
95 1152.35
96 1144.72
97 1135.31
98 1105.79
99 1135.31
100 1080.09
101 1135.31
102 1135.31
103 1135.31
104 1087.96
105 1135.31
106 1070.14
107 1070.14
108 1070.14
109 1022.79
110 1045.43
111 1123.59
112 1045.07
113 1114.33
114 1066.98
115 1070.14
116 1114.33
117 1032.62
118 1032.62
119 1032.62
120 1032.62
121 1129.76
122 1141.49
123 1129.76
124 1103.37
125 1103.37
126 1103.37
127 1120.55
128 991.893
129 991.893
130 1070.14
131 991.893
132 991.893
133 991.893
134 991.893
135 991.893
136 959.998
137 991.893
138 1038.25
139 991.893
140 1038.25
141 1038.25
142 1038.25
143 1038.25
144 1000.73
145 1038.25
146 1038.25
147 1013.85
148 1013.85
149 973.442
150 1029.54
151 1038.25
152 1058.96
153 1070.14
154 1051.59
155 1070.14
156 1070.14
157 1070.14
158 990.26
159 991.893
160 1070.14
161 990.26
162 1070.14
163 1070.14
164 971.211
165 1032.62
166 1070.14
167 1070.14
168 1070.14
169 1070.14
170 1070.14
171 1070.14
172 1013.85
173 996.16
174 1070.14
175 1062.17
176 1070.14
177 1070.14
178 1070.14
179 1001.63
180 988.149
181 1013.85
182 956.628
183 1013.85
184 1013.85
185 1013.85
186 1013.85
187 1013.85
188 1001.25
189 901.243
190 979.46
191 863.867
192 885.655
193 863.867
194 863.867
195 863.867
196 863.867
197 863.867
198 863.867
199 863.867
200 863.867
201 863.867
202 802.398
203 863.867
204 850.373
205 850.373
206 850.373
207 863.867
208 863.867
209 863.867
210 863.867
211 863.867
212 863.867
213 862.785
214 863.867
215 863.867
216 802.398
217 863.867
218 850.155
219 850.155
220 850.155
221 804.631
222 850.155
223 850.155
224 850.155
225 850.155
226 850.155
227 850.155
228 850.155
229 850.155
230 850.155
231 836.724
232 850.155
233 850.155
234 850.155
235 850.155
236 850.155
237 850.155
238 850.155
239 850.155
240 850.155
241 850.155
242 850.155
243 850.155
244 850.155
245 834.759
246 834.759
247 850.155
248 850.155
249 850.155
250 850.155
251 850.155
252 850.155
253 850.155
254 850.155
255 850.155
256 850.155
257 850.155
258 835.036
259 835.036
260 835.036
261 835.036
262 835.036
263 835.036
264 835.036
265 835.036
266 835.036
267 825.258
268 835.036
269 835.036
270 835.036
271 835.036
272 835.036
273 835.036
274 833.149
275 833.149
276 835.036
277 835.036
278 835.036
279 835.036
280 835.036
281 835.036
282 835.036
283 835.036
284 835.036
285 835.036
286 818.97
287 818.97
288 803.851
289 803.851
290 803.851
291 833.953
292 803.851
293 803.851
294 803.851
295 802.768
296 802.768
297 808.847
298 808.847
299 765.153
300 780.136
301 795.984
302 795.984
303 795.984
304 795.984
305 795.984
306 795.984
307 795.984
308 795.984
309 795.984
310 802.464
311 808.847
312 808.847
313 808.847
314 808.847
315 808.847
316 808.847
317 808.847
318 808.847
319 808.847
320 808.847
321 808.847
322 808.847
323 808.847
324 808.847
325 808.847
326 808.847
327 808.847
328 808.847
329 808.847
330 808.847
331 808.847
332 808.847
333 808.847
334 808.847
335 781.896
336 808.847
337 808.847
338 808.847
339 808.847
340 808.847
341 808.847
342 808.847
343 808.847
344 808.847
345 808.847
346 808.847
347 808.847
348 808.847
349 808.847
350 808.847
351 808.847
352 808.847
353 796.841
354 808.847
355 778.403
356 808.847
357 808.847
358 787.584
359 806.96
360 806.96
361 806.96
362 772.966
363 772.966
364 772.966
365 806.96
366 806.96
367 806.96
368 806.96
369 785.066
370 806.96
371 806.96
372 806.96
373 785.066
374 771.079
375 771.079
376 771.079
377 771.079
378 771.079
379 771.079
380 771.079
381 771.079
382 771.079
383 771.079
384 771.079
385 771.079
386 771.079
387 771.079
388 771.079
389 771.079
390 771.079
391 771.079
392 759.761
393 759.761
394 759.761
395 759.761
396 771.079
397 744.127
398 771.079
399 771.079
400 771.079
401 771.079
402 771.079
403 771.079
404 771.079
405 771.079
406 771.079
407 771.079
408 771.079
409 771.079
410 755.235
411 771.079
412 773.425
413 773.425
414 773.425
415 773.425
416 773.425
417 811.856
418 829.001
419 829.001
420 829.001
421 829.001
422 779.805
423 829.001
424 736.992
425 736.992
426 736.992
427 736.992
428 736.992
429 736.992
430 736.992
431 801.235
432 736.992
433 736.992
434 736.992
435 736.992
436 736.992
437 736.992
438 736.992
439 736.992
440 736.992
441 736.992
442 736.992
443 736.992
444 736.992
445 736.992
446 736.992
447 736.992
448 736.992
449 773.124
450 783.71
451 783.71
452 772.622
453 773.124
454 783.71
455 783.71
456 783.71
457 783.71
458 813.731
459 813.731
460 783.71
461 783.71
462 813.731
463 783.71
464 773.124
465 783.71
466 783.71
467 773.124
468 773.124
469 783.71
470 783.71
471 783.71
472 783.71
473 783.71
474 783.71
475 783.71
476 783.71
477 783.71
478 783.71
479 783.71
480 783.71
481 783.71
482 767.436
483 783.71
484 773.124
485 773.124
486 773.124
487 753.75
488 753.75
489 753.75
490 722.978
491 753.75
492 783.71
493 783.71
494 773.124
495 783.71
496 783.71
497 779.347
498 779.347
499 779.347
500 777.806
501 779.347
502 779.347
503 779.347
504 779.347
505 779.347
506 735.944
507 775.301
508 775.301
509 775.301
510 773.124
511 773.124
512 773.124
513 773.124
514 773.124
515 773.124
516 773.124
517 773.124
518 773.124
519 773.124
520 773.124
521 783.71
522 783.71
523 783.71
524 783.71
525 783.71
526 783.71
527 783.71
528 757.171
529 783.71
530 783.71
531 783.71
532 783.71
533 783.71
534 783.71
535 775.301
536 775.301
537 757.301
538 757.301
539 757.301
540 740.99
541 757.301
542 757.301
543 757.301
544 780.806
545 723.295
546 775.301
547 775.301
548 775.301
549 775.301
550 775.301
551 775.301
552 775.301
553 775.301
554 775.301
555 775.301
556 777.98
557 752.103
558 752.103
559 767.222
560 752.103
561 777.98
562 777.98
563 777.98
564 766.769
565 766.769
566 777.98
567 777.98
568 777.98
569 777.98
570 777.98
571 777.98
572 777.98
573 777.98
574 777.98
575 777.98
576 777.98
577 777.98
578 743.419
579 743.419
580 743.419
581 743.419
582 773.124
583 773.124
584 773.124
585 775.301
586 773.124
587 775.301
588 768.402
589 775.301
590 767.436
591 765.549
592 773.124
593 773.124
594 773.124
595 773.124
596 771.841
597 771.841
598 776.111
599 776.111
600 776.111
601 776.111
602 773.645
603 773.124
604 773.124
605 773.124
606 767.436
607 767.436
608 786.35
609 786.35
610 786.35
611 776.56
612 776.56
613 776.56
614 765.549
615 765.549
616 765.549
617 786.35
618 776.366
619 776.366
620 786.35
621 786.35
622 786.35
623 786.35
624 772.321
625 772.321
626 772.321
627 772.321
628 766.965
629 766.965
630 771.477
631 713.808
632 766.965
633 772.321
634 772.321
635 772.321
636 782.225
637 782.225
638 782.225
639 791.478
640 802.01
641 806.766
642 802.01
643 802.01
644 791.478
645 802.01
646 802.01
647 791.478
648 791.478
649 790.464
650 791.478
651 791.478
652 791.478
653 791.478
654 806.766
655 806.766
656 772.321
657 772.321
658 772.321
659 806.766
660 791.478
661 791.478
662 806.766
663 806.766
664 806.766
665 806.766
666 806.766
667 806.766
668 806.766
669 806.766
670 806.766
671 806.766
672 806.766
673 806.766
674 806.766
675 746.209
676 806.766
677 793.501
678 806.766
679 806.766
680 791.571
681 806.766
682 806.766
683 806.766
684 806.766
685 806.334
686 806.334
687 806.334
688 806.334
689 806.334
690 806.334
691 768.098
692 806.766
693 806.766
694 806.59
695 806.334
696 806.334
697 770.091
698 770.091
699 770.091
700 770.091
701 779.2
702 779.2
703 779.2
704 779.2
705 798.278
706 798.278
707 798.054
708 798.278
709 798.278
710 798.278
711 798.278
712 798.278
713 798.278
714 798.278
715 798.278
716 798.278
717 798.278
718 798.278
719 798.278
720 798.278
721 798.278
722 798.278
723 803.666
724 803.666
725 803.666
726 803.666
727 798.278
728 800.465
729 803.666
730 803.666
731 806.766
732 806.766
733 806.766
734 793.501
735 793.501
736 793.501
737 793.501
738 793.501
739 793.501
740 793.501
741 746.209
742 793.501
743 793.501
744 793.501
745 793.501
746 793.501
747 793.501
748 793.501
749 792.804
750 793.501
751 793.501
752 793.501
753 793.501
754 793.501
755 793.501
756 793.501
757 793.501
758 793.501
759 793.501
760 793.501
761 767.948
762 784.33
763 710.493
764 710.493
765 710.493
766 710.493
767 710.493
768 704.589
769 710.493
770 710.493
771 710.493
772 710.493
773 710.493
774 710.493
775 710.493
776 710.493
777 710.493
778 710.493
779 719.535
780 710.493
781 710.493
782 710.493
783 710.493
784 710.493
785 719.535
786 719.535
787 719.535
788 719.535
789 710.185
790 710.185
791 680.628
792 719.535
793 719.535
794 719.535
795 719.535
796 719.535
797 719.535
798 719.535
799 719.535
800 719.535
801 719.535
802 711.047
803 719.535
804 719.535
805 719.535
806 711.004
807 719.535
808 711.004
809 719.535
810 719.535
811 719.535
812 719.535
813 719.535
814 719.535
815 719.535
816 719.535
817 718.526
818 711.004
819 711.004
820 711.004
821 711.004
822 711.004
823 711.004
824 710.493
825 710.493
826 711.004
827 711.004
828 719.535
829 719.535
830 719.535
831 719.535
832 719.535
833 719.535
834 719.535
835 719.535
836 719.535
837 719.535
838 719.535
839 719.535
840 719.535
841 719.535
842 719.535
843 710.493
844 710.493
845 710.493
846 710.493
847 710.493
848 719.535
849 719.535
850 719.535
851 653.872
852 719.535
853 719.535
854 718.121
855 718.121
856 718.121
857 718.121
858 723.656
859 738.131
860 738.131
861 703.082
862 738.131
863 703.082
864 703.082
865 723.656
866 723.656
867 723.656
868 727.882
869 723.656
870 723.656
871 723.656
872 735.227
873 724.791
874 727.882
875 738.131
876 723.656
877 723.656
878 723.656
879 723.656
880 723.656
881 723.656
882 724.791
883 738.131
884 738.131
885 738.131
886 738.131
887 738.131
888 738.131
889 723.656
890 723.656
891 716.677
892 716.677
893 738.131
894 738.131
895 738.131
896 737.541
897 738.131
898 738.131
899 734.903
900 738.131
901 734.903
902 699.929
903 699.929
904 699.929
905 699.929
906 699.929
907 738.131
908 738.131
909 738.131
910 738.131
911 738.131
912 738.131
913 738.131
914 738.131
915 738.131
916 738.131
917 738.131
918 717.27
919 717.27
920 729.711
921 702.508
922 700.908
923 702.508
924 621.012
925 621.941
926 621.941
927 725.629
928 733.358
929 713.693
930 687.353
931 680.94
932 670.422
933 687.353
934 687.353
935 656.711
936 626.804
937 666.759
938 677.664
939 607.509
940 626.804
941 660.628
942 629.799
943 629.799
944 629.799
945 615.577
946 629.799
947 622.59
948 622.59
949 622.59
950 629.799
951 622.59
952 544.395
953 556.747
954 517.015
955 517.015
956 517.015
957 517.015
958 517.015
959 517.015
960 484.713
961 517.015
962 517.015
963 517.015
964 517.015
965 484.713
966 475.601
967 475.601
968 475.601
969 475.601
970 475.601
971 475.601
972 475.601
973 475.601
974 475.601
975 475.601
976 514.111
977 478.813
978 514.111
979 514.111
980 517.015
981 480.446
982 514.808
983 484.713
984 517.015
985 517.015
986 499.779
987 517.015
988 517.015
989 517.015
990 505.063
991 517.015
992 483.19
993 517.015
994 517.015
995 480.446
996 478.813
997 517.015
998 510.722
999 517.015
1000 480.446
1001 475.601
1002 484.713
1003 480.446
1004 517.015
1005 483.19
1006 478.813
1007 478.813
1008 514.111
1009 483.19
1010 484.713
1011 478.813
1012 517.015
1013 516.617
1014 517.015
1015 480.446
1016 483.19
1017 483.19
1018 517.015
1019 517.015
1020 491.953
1021 517.015
1022 480.446
1023 517.015
1024 480.446
1025 508.526
1026 483.19
1027 508.526
1028 508.526
1029 501.95
1030 508.526
1031 508.526
1032 480.286
1033 484.713
1034 508.526
1035 508.526
1036 483.19
1037 508.526
1038 508.526
1039 508.526
1040 475.601
1041 507.967
1042 491.327
1043 507.967
1044 507.967
1045 517.015
1046 517.015
1047 484.713
1048 478.813
1049 478.813
1050 517.015
1051 517.015
1052 478.813
1053 478.813
1054 517.015
1055 510.439
1056 478.813
1057 517.015
1058 517.015
1059 480.446
1060 517.015
1061 480.446
1062 478.813
1063 517.015
1064 505.944
1065 493.586
1066 493.586
1067 517.015
1068 517.015
1069 517.015
1070 484.713
1071 517.015
1072 478.813
1073 517.015
1074 478.813
1075 510.722
1076 484.713
1077 480.446
1078 510.722
1079 510.722
1080 483.19
1081 517.015
1082 517.015
1083 493.586
1084 517.015
1085 496.331
1086 517.015
1087 483.624
1088 496.765
1089 483.624
1090 480.446
1091 483.624
1092 483.624
1093 480.446
1094 484.713
1095 484.713
1096 517.015
1097 480.446
1098 478.813
1099 517.015
1100 517.015
1101 517.015
1102 517.015
1103 517.015
1104 483.19
1105 517.015
1106 480.446
1107 517.015
1108 517.015
1109 517.015
1110 517.015
1111 480.446
1112 517.015
1113 517.015
1114 478.813
1115 483.19
1116 517.015
1117 517.015
1118 517.015
1119 517.015
1120 517.015
1121 505.063
1122 505.063
1123 505.063
1124 483.19
1125 505.063
1126 517.015
1127 517.015
1128 480.446
1129 492.537
1130 517.015
1131 517.015
1132 517.015
1133 480.446
1134 517.015
1135 483.19
1136 517.015
1137 483.19
1138 483.19
1139 517.015
1140 510.254
1141 517.015
1142 500.141
1143 512.984
1144 515.415
1145 515.415
1146 483.19
1147 508.526
1148 508.526
1149 481.591
1150 508.526
1151 508.526
1152 508.526
1153 515.415
1154 515.415
1155 515.415
1156 515.415
1157 515.415
1158 480.446
1159 484.713
1160 515.415
1161 515.415
1162 500.141
1163 515.415
1164 500.141
1165 480.446
1166 511.111
1167 478.813
1168 515.415
1169 517.015
1170 491.327
1171 484.713
1172 503.767
1173 480.446
1174 484.713
1175 514.992
1176 514.992
1177 514.992
1178 496.915
1179 514.992
1180 488.282
1181 459.683
1182 476.112
1183 476.112
1184 476.112
1185 476.112
1186 443.811
1187 476.112
1188 476.112
1189 476.112
1190 476.112
1191 476.112
1192 475.601
1193 476.112
1194 439.543
1195 476.112
1196 476.112
1197 476.112
1198 476.112
1199 476.112
1200 476.112
1201 476.112
1202 476.112
1203 439.543
1204 439.543
1205 476.112
1206 476.112
1207 442.288
1208 476.112
1209 476.112
1210 476.112
1211 439.543
1212 437.91
1213 476.112
1214 437.91
1215 476.112
1216 442.288
1217 476.112
1218 476.112
1219 437.91
1220 476.112
1221 459.239
1222 459.239
1223 437.91
1224 459.239
1225 476.112
1226 476.112
1227 476.112
1228 476.112
1229 465.809
1230 476.112
1231 437.91
1232 459.239
1233 439.543
1234 439.543
1235 437.91
1236 439.543
1237 439.543
1238 476.112
1239 443.811
1240 442.288
1241 459.81
1242 476.112
1243 437.91
1244 476.112
1245 476.112
1246 437.91
1247 437.91
1248 437.91
1249 476.112
1250 443.811
1251 442.288
1252 476.112
1253 476.112
1254 443.811
1255 442.288
1256 442.288
1257 439.543
1258 475.601
1259 475.601
1260 476.112
1261 476.112
1262 437.91
1263 437.91
1264 476.112
1265 476.112
1266 476.112
1267 476.112
1268 476.112
1269 476.112
1270 476.112
1271 476.112
1272 437.91
1273 439.543
1274 437.91
1275 475.601
1276 476.112
1277 476.112
1278 476.112
1279 476.112
1280 437.91
1281 459.239
1282 442.288
1283 459.239
1284 459.239
1285 459.239
1286 459.239
1287 459.239
1288 459.239
1289 439.543
1290 459.239
1291 459.239
1292 459.239
1293 459.239
1294 443.811
1295 442.288
1296 459.239
1297 459.239
1298 459.239
1299 459.239
1300 450.95
1301 459.239
1302 459.239
1303 459.239
1304 459.239
1305 459.239
1306 459.239
1307 459.239
1308 459.239
1309 459.239
1310 459.239
1311 459.239
1312 453.335
1313 453.335
1314 450.75
1315 453.335
1316 453.335
1317 453.335
1318 453.335
1319 439.068
1320 453.335
1321 453.335
1322 459.239
1323 453.335
1324 453.335
1325 458.014
1326 453.335
1327 453.335
1328 446.13
1329 446.314
1330 446.13
1331 453.335
1332 446.13
1333 446.13
1334 446.13
1335 446.13
1336 446.13
1337 446.13
1338 446.13
1339 446.13
1340 446.13
1341 446.13
1342 453.335
1343 446.13
1344 446.13
1345 446.13
1346 446.13
1347 446.13
1348 446.13
1349 446.13
1350 453.335
1351 446.13
1352 446.13
1353 446.13
1354 446.13
1355 446.13
1356 446.13
1357 453.335
1358 453.335
1359 446.13
1360 453.335
1361 454.791
1362 454.791
1363 454.791
1364 454.791
1365 454.791
1366 450.372
1367 454.791
1368 454.791
1369 454.791
1370 454.791
1371 454.791
1372 454.791
1373 454.791
1374 454.791
1375 454.791
1376 454.791
1377 454.791
1378 454.791
1379 454.791
1380 454.791
1381 454.791
1382 454.791
1383 454.791
1384 454.791
1385 454.791
1386 454.791
1387 454.791
1388 454.791
1389 454.791
1390 454.791
1391 454.791
1392 454.791
1393 454.791
1394 454.791
1395 454.791
1396 454.791
1397 436.61
1398 436.61
1399 436.61
1400 436.61
1401 436.61
1402 436.61
1403 436.61
1404 436.61
1405 436.61
1406 436.61
1407 436.61
1408 436.61
1409 436.61
1410 435.785
1411 435.785
1412 435.785
1413 435.785
1414 435.785
1415 435.785
1416 435.785
1417 435.785
1418 435.785
1419 427.948
1420 435.785
1421 435.785
1422 435.785
1423 435.785
1424 435.785
1425 432.627
1426 435.785
1427 435.785
1428 435.785
1429 435.785
1430 435.785
1431 435.785
1432 435.785
1433 435.785
1434 435.785
1435 435.785
1436 435.785
1437 435.785
1438 435.785
1439 435.785
1440 435.785
1441 435.785
1442 435.785
1443 435.785
1444 435.785
1445 435.785
1446 435.785
1447 435.785
1448 435.785
1449 435.785
1450 435.785
1451 435.785
1452 427.948
1453 427.948
1454 427.948
1455 427.948
1456 427.948
1457 427.948
1458 427.948
1459 435.785
1460 435.785
1461 435.785
1462 435.785
1463 435.785
1464 435.785
1465 434.302
1466 435.785
1467 436.61
1468 436.61
1469 436.61
1470 436.61
1471 436.61
1472 436.61
1473 436.61
1474 436.61
1475 436.61
1476 436.61
1477 436.61
1478 436.61
1479 436.61
1480 432.627
1481 436.61
1482 433.477
1483 436.61
1484 436.61
1485 436.61
1486 436.61
1487 436.61
1488 436.61
1489 436.61
1490 436.61
1491 436.61
1492 436.61
1493 436.61
1494 436.61
1495 436.61
1496 436.61
1497 436.61
1498 436.61
1499 436.61
1500 436.61
1501 436.61
1502 436.61
1503 436.61
1504 436.61
1505 428.121
1506 436.61
1507 428.121
1508 428.121
1509 428.121
1510 428.121
1511 428.121
1512 428.121
1513 428.121
1514 428.121
1515 428.121
1516 428.121
1517 428.121
1518 428.121
1519 428.121
1520 428.121
1521 428.121
1522 428.121
1523 428.121
1524 428.121
1525 428.121
1526 428.121
1527 428.121
1528 428.121
1529 428.121
1530 428.121
1531 424.138
1532 424.138
1533 428.121
1534 428.121
1535 428.121
1536 428.121
1537 428.121
1538 428.121
1539 428.121
1540 428.121
1541 428.121
1542 428.121
1543 428.121
1544 428.121
1545 428.121
1546 428.121
1547 428.121
1548 428.121
1549 428.121
1550 428.121
1551 428.121
1552 428.121
1553 427.26
1554 428.121
1555 428.121
1556 428.121
1557 428.121
1558 428.121
1559 428.121
1560 428.121
1561 428.121
1562 428.121
1563 428.121
1564 428.121
1565 428.121
1566 428.121
1567 428.121
1568 428.121
1569 428.121
1570 428.121
1571 428.121
1572 428.121
1573 428.121
1574 428.121
1575 428.121
1576 428.121
1577 428.121
1578 428.121
1579 428.121
1580 428.121
1581 428.121
1582 428.121
1583 428.121
1584 428.121
1585 428.121
1586 428.121
1587 428.121
1588 428.121
1589 428.121
1590 428.121
1591 428.121
1592 428.121
1593 428.121
1594 427.296
1595 428.121
1596 428.121
1597 428.121
1598 428.121
1599 428.121
1600 428.121
1601 428.121
1602 428.121
1603 428.121
1604 428.121
1605 428.121
1606 428.121
1607 428.121
1608 428.121
1609 428.121
1610 427.26
1611 428.121
1612 428.121
1613 428.121
1614 428.121
1615 428.121
1616 428.121
1617 428.121
1618 428.121
1619 428.121
1620 428.121
1621 428.121
1622 428.121
1623 428.121
1624 428.121
1625 428.121
1626 428.121
1627 428.121
1628 428.121
1629 428.121
1630 428.121
1631 428.121
1632 428.121
1633 428.121
1634 428.121
1635 428.121
1636 428.121
1637 424.138
1638 428.121
1639 428.121
1640 428.121
1641 428.121
1642 428.121
1643 428.121
1644 428.121
1645 428.121
1646 428.121
1647 428.121
1648 428.121
1649 428.121
1650 428.121
1651 428.121
1652 428.121
1653 428.121
1654 428.121
1655 428.121
1656 428.121
1657 428.121
1658 428.121
1659 428.121
1660 428.121
1661 428.121
1662 428.121
1663 428.121
1664 428.121
1665 428.121
1666 428.121
1667 428.121
1668 428.121
1669 428.121
1670 428.121
1671 428.121
1672 428.121
1673 428.121
1674 428.121
1675 428.121
1676 428.121
1677 428.121
1678 428.121
1679 428.121
1680 419.459
1681 428.121
1682 428.121
1683 428.121
1684 428.121
1685 428.121
1686 428.121
1687 428.121
1688 428.121
1689 428.121
1690 428.121
1691 428.121
1692 428.121
1693 428.121
1694 428.121
1695 424.989
1696 428.121
1697 424.989
1698 428.121
1699 428.121
1700 428.121
1701 428.121
1702 428.121
1703 428.121
1704 428.121
1705 428.121
1706 427.296
1707 427.296
1708 428.121
1709 428.121
1710 428.121
1711 428.121
1712 428.121
1713 428.121
1714 428.121
1715 419.459
1716 419.459
1717 419.459
1718 428.121
1719 428.121
1720 427.26
1721 427.26
1722 428.121
1723 428.121
1724 428.121
1725 428.121
1726 428.121
1727 428.121
1728 428.121
1729 428.121
1730 428.121
1731 428.121
1732 428.121
1733 427.26
1734 428.121
1735 428.121
1736 428.121
1737 428.121
1738 428.121
1739 428.121
1740 428.121
1741 424.989
1742 428.121
1743 427.26
1744 427.26
1745 427.26
1746 427.26
1747 424.989
1748 427.26
1749 424.989
1750 424.989
1751 424.127
1752 424.127
1753 424.989
1754 424.989
1755 427.26
1756 427.26
1757 427.26
1758 427.26
1759 428.121
1760 428.121
1761 428.121
1762 428.121
1763 428.121
1764 428.121
1765 428.121
1766 428.121
1767 428.121
1768 424.138
1769 425.814
1770 428.121
1771 428.121
1772 428.121
1773 428.121
1774 428.121
1775 428.121
1776 428.121
1777 428.121
1778 428.121
1779 428.121
1780 428.121
1781 428.121
1782 428.121
1783 428.121
1784 428.121
1785 428.121
1786 428.121
1787 419.459
1788 419.459
1789 419.459
1790 428.121
1791 428.121
1792 428.121
1793 428.121
1794 423.205
1795 427.26
1796 419.459
1797 428.121
1798 428.121
1799 428.121
1800 428.121
1801 428.121
1802 428.121
1803 428.121
1804 428.121
1805 428.121
1806 428.121
1807 428.121
1808 409.98
1809 428.121
1810 428.121
1811 428.121
1812 409.98
1813 428.121
1814 428.121
1815 419.459
1816 419.459
1817 419.459
1818 419.459
1819 419.459
1820 419.459
1821 419.459
1822 419.459
1823 409.98
1824 419.459
1825 419.459
1826 419.459
1827 419.459
1828 419.459
1829 419.459
1830 419.459
1831 419.459
1832 419.459
1833 419.459
1834 419.459
1835 419.459
1836 419.459
1837 419.459
1838 428.121
1839 428.121
1840 428.121
1841 428.121
1842 428.121
1843 428.121
1844 428.121
1845 427.296
1846 427.296
1847 427.296
1848 427.296
1849 427.296
1850 428.121
1851 428.121
1852 428.121
1853 428.121
1854 428.121
1855 428.121
1856 428.121
1857 428.121
1858 424.989
1859 424.989
1860 428.121
1861 428.121
1862 428.121
1863 428.121
1864 428.121
1865 424.989
1866 428.121
1867 428.121
1868 428.121
1869 428.121
1870 424.989
1871 428.121
1872 428.121
1873 428.121
1874 428.121
1875 428.121
1876 428.121
1877 428.121
1878 428.121
1879 428.121
1880 428.121
1881 428.121
1882 428.121
1883 428.121
1884 428.121
1885 428.121
1886 428.121
1887 428.121
1888 428.121
1889 428.121
1890 428.121
1891 428.121
1892 428.121
1893 428.121
1894 427.611
1895 427.611
1896 428.121
1897 428.121
1898 428.121
1899 427.611
1900 427.611
1901 426.854
1902 428.121
1903 428.121
1904 419.459
1905 428.121
1906 428.121
1907 426.854
1908 428.121
1909 414.248
1910 428.121
1911 428.121
1912 428.121
1913 428.121
1914 428.121
1915 428.121
1916 428.121
1917 424.138
1918 424.138
1919 424.138
1920 428.121
1921 428.121
1922 428.121
1923 428.121
1924 428.121
1925 427.296
1926 428.121
1927 428.121
1928 428.121
1929 428.121
1930 428.121
1931 428.121
1932 428.121
1933 428.121
1934 428.121
1935 428.121
1936 427.26
1937 427.26
1938 427.26
1939 427.26
1940 427.26
1941 427.26
1942 428.121
1943 428.121
1944 428.121
1945 428.121
1946 428.121
1947 428.121
1948 428.121
1949 428.121
1950 428.121
1951 428.121
1952 428.121
1953 428.121
1954 428.121
1955 428.121
1956 428.121
1957 428.121
1958 428.121
1959 428.121
1960 428.121
1961 428.121
1962 428.121
1963 428.121
1964 428.121
1965 428.121
1966 428.121
1967 428.121
1968 428.121
1969 428.121
1970 428.121
1971 428.121
1972 428.121
1973 428.121
1974 410.574
1975 428.121
1976 428.121
1977 427.611
1978 427.611
1979 424.989
1980 428.121
1981 428.121
1982 428.121
1983 428.121
1984 428.121
1985 428.121
1986 428.121
1987 428.121
1988 428.121
1989 428.121
1990 428.121
1991 428.121
1992 428.121
1993 428.121
1994 428.121
1995 428.121
1996 428.121
1997 428.121
1998 421.823
1999 421.823
2000 421.823
