0.476798   -0.376361   -0.496747
0.0907355   -0.361357   -0.143118
0.0920098   0.350127   0.391653
-0.47672   -0.2482   0.287289
0.315959   -0.266416   -0.11878
-0.414624   -0.223029   0.367159
0.279347   0.195156   0.266837
-0.454295   -0.107252   0.498873
-0.43541   0.372359   0.155039
-0.468272   -0.159395   0.325378
-0.328819   -0.0419246   -0.226241
0.135536   -0.122416   0.144405
0.343923   0.221079   -0.35233
0.301065   0.497567   0.0376193
-0.267975   0.129361   -0.0251214
0.310803   -0.362644   -0.324493
-0.0377844   -0.403294   -0.302772
0.284738   0.04505   -0.116282
0.448055   -0.291757   0.335176
0.220904   0.14323   -0.416783
-0.237626   -0.16843   -0.0185019
0.481044   0.325336   -0.277521
0.0697016   0.0473273   -0.084432
0.481076   0.0911478   -0.230522
-0.321454   -0.387088   0.496523
-0.239946   -0.315685   -0.205926
-0.296539   -0.470168   0.494873
-0.195054   0.137713   0.206745
0.457936   0.298329   0.258957
0.430301   -0.0583937   0.422656
-0.114347   -0.291684   0.46359
-0.123027   -0.235248   -0.483975
-0.235204   0.0127775   0.38197
0.348228   -0.449079   0.0932002
0.0852128   0.0467462   0.164989
0.377237   0.18273   0.266371
-0.0241179   0.426401   0.333409
0.172162   -0.430594   -0.158962
0.499284   -0.498032   0.0611379
-0.0813889   0.291663   -0.0144756
0.111102   -0.426468   0.299244
0.189502   0.347641   0.118481
0.396273   -0.425831   0.0155577
0.0947366   -0.0843271   0.0749938
-0.478668   0.189797   -0.451453
0.204466   -0.493574   -0.425751
0.431534   0.23175   -0.233901
-0.35419   -0.483503   -0.224907
0.295453   0.168472   0.0382218
0.241533   0.223954   0.177003
-0.465453   0.424737   0.416264
-0.23584   0.396213   0.467918
0.131279   -0.311933   0.264389
0.0940709   -0.467161   -0.204614
0.4985   0.203166   0.154572
0.121866   0.364749   0.320759
-0.361568   -0.0494397   0.302055
0.335716   0.108147   0.0900681
-0.407688   -0.134483   0.412641
0.347351   -0.234651   -0.353977
-0.00468266   -0.098782   0.385635
0.0468332   -0.464462   0.327961
0.0945281   0.235626   0.398766
-0.322234   -0.459035   0.0947069
-0.487867   0.0265952   -0.330031
0.0395062   0.138861   0.10361
0.490136   -0.148688   0.228193
-0.0782271   -0.0039861   0.300749
0.354387   0.0714993   0.198493
-0.351036   0.119726   0.421931
-0.0307768   0.261275   -0.216686
-0.285355   0.21419   -0.0222554
-0.282028   -0.288948   -0.285302
0.225862   0.343915   -0.129518
0.156799   -0.243432   0.121691
0.282084   -0.457147   -0.3473
-0.399475   0.478849   0.404002
-0.497022   0.0428714   0.0601025
-0.0726021   -0.332733   0.144288
-0.452514   0.424847   -0.343131
-0.294215   0.240307   0.474683
-0.0315999   -0.00927642   0.400994
0.022199   0.138515   -0.106964
0.455786   0.338946   -0.490474
-0.0746084   0.19337   -0.00418194
-0.33318   0.46222   -0.364077
-0.431147   -0.154316   -0.106656
-0.266116   0.337257   -0.242015
0.464889   -0.0953003   -0.171001
0.28339   0.217866   -0.421145
-0.269247   0.338801   -0.162602
0.340881   -0.0470983   0.061901
-0.379057   -0.134273   -0.245448
0.438618   -0.0715528   0.0904734
-0.100906   -0.464678   0.471903
0.0640705   0.400234   0.499322
0.00882856   0.325725   -0.127084
-0.495303   0.14242   -0.384309
-0.0907426   -0.0221141   -0.233779
0.366392   0.0110064   -0.221547
-0.184732   0.314411   -0.389427
0.234783   -0.12161   -0.034418
0.356372   0.254419   -0.112082
0.427842   0.288095   0.165584
-0.348755   -0.324196   -0.416819
0.218053   0.0602764   0.28998
0.114218   -0.0668566   -0.431654
-0.460675   -0.0905515   0.258281
