1 1.39113 1.39113 0
2 1.34349 1.36731 0.0238232
3 1.38097 1.37186 0.0144886
4 1.38393 1.37488 0.0106795
5 1.42247 1.3844 0.0126106
6 1.4083 1.38838 0.0110403
7 1.35774 1.384 0.0103067
8 1.381 1.38363 0.00893373
9 1.38458 1.38373 0.00787952
10 1.35404 1.38076 0.00764766
11 1.40563 1.38303 0.00727756
12 1.36229 1.3813 0.00686455
13 1.35815 1.37952 0.00656068
14 1.35774 1.37796 0.00627009
15 1.36458 1.37707 0.00590492
16 1.41224 1.37927 0.00594478
17 1.42696 1.38207 0.00624921
18 1.41631 1.38397 0.00619119
19 1.3869 1.38413 0.0058583
20 1.43608 1.38673 0.00613484
21 1.40887 1.38778 0.0059299
22 1.38965 1.38787 0.00565458
23 1.4131 1.38896 0.00551342
24 1.44025 1.3911 0.00569487
25 1.42446 1.39243 0.00562299
26 1.40339 1.39286 0.00541881
27 1.39348 1.39288 0.0052143
28 1.37055 1.39208 0.00508754
29 1.44349 1.39385 0.00521926
30 1.37234 1.39314 0.00509304
31 1.43157 1.39438 0.00507965
32 1.34477 1.39283 0.00515684
33 1.45155 1.39461 0.00530549
34 1.39703 1.39468 0.00514758
35 1.40289 1.39491 0.00500385
36 1.41871 1.39557 0.00490758
37 1.38931 1.3954 0.0047761
38 1.38815 1.39521 0.00465264
39 1.4218 1.39589 0.00458277
40 1.41449 1.39636 0.00449086
41 1.45847 1.39787 0.00463451
42 1.40914 1.39814 0.00453076
43 1.34429 1.39689 0.004598
44 1.40309 1.39703 0.0044945
45 1.4147 1.39742 0.004411
46 1.45506 1.39868 0.00449229
47 1.43366 1.39942 0.00445823
48 1.39339 1.39929 0.00436617
49 1.40243 1.39936 0.00427662
50 1.38422 1.39906 0.00420113
51 1.35547 1.3982 0.00420568
52 1.45461 1.39929 0.00426428
53 1.36357 1.39861 0.004237
54 1.38657 1.39839 0.00416377
55 1.39071 1.39825 0.00408974
56 1.41242 1.3985 0.00402401
57 1.37434 1.39808 0.00397545
58 1.45948 1.39914 0.0040472
59 1.4093 1.39931 0.00398174
60 1.43064 1.39983 0.00394948
61 1.44315 1.40054 0.00394859
62 1.39116 1.40039 0.00388732
63 1.43244 1.4009 0.0038588
64 1.38698 1.40068 0.00380425
65 1.42745 1.40109 0.00376784
66 1.39379 1.40098 0.00371196
67 1.37038 1.40053 0.00368457
68 1.40849 1.40064 0.00363187
69 1.34513 1.39984 0.00366816
70 1.38486 1.39963 0.0036217
71 1.42801 1.40002 0.00359264
72 1.39943 1.40002 0.0035424
73 1.3969 1.39997 0.0034938
74 1.45846 1.40076 0.00353571
75 1.40201 1.40078 0.00348829
76 1.40043 1.40078 0.00344209
77 1.38897 1.40062 0.00340055
78 1.38346 1.4004 0.00336388
79 1.42615 1.40073 0.00333697
80 1.39187 1.40062 0.00329686
81 1.40454 1.40067 0.00325626
82 1.33957 1.39992 0.00330147
83 1.35183 1.39934 0.00331252
84 1.42156 1.39961 0.00328352
85 1.35692 1.3991 0.0032833
86 1.39629 1.39907 0.00324506
87 1.441 1.39955 0.00324354
88 1.36788 1.39919 0.00322661
89 1.40626 1.39927 0.00319114
90 1.40777 1.39937 0.0031569
91 1.35563 1.39889 0.00315879
92 1.44812 1.39942 0.00316976
93 1.38875 1.39931 0.0031376
94 1.35139 1.3988 0.00314562
95 1.45624 1.3994 0.00317052
96 1.42178 1.39964 0.00314597
97 1.39543 1.39959 0.00311367
98 1.33589 1.39894 0.00314954
99 1.42672 1.39922 0.00313016
100 1.42398 1.39947 0.00310858
