0 0 0
0.0230664 0 0
0.0461329 0 0
0.0691993 0 0
0.0922657 0 0
0.115332 0 0
0.138399 0 0
0.161465 0 0
0.184531 0 0
0.207598 0 0
0.230664 0 0
0.253731 0 0
0.276797 0 0
0.299864 0 0
0.32293 0 0
0.345996 0 0
0.369063 0 0
0.392129 0 0
0.415196 0 0
0.438262 0 0
0.461329 0 0
0.484395 0 0
0.507461 0 0
0.530528 0 0
0.553594 0 0
0.576661 0 0
0.599727 0 0
0.622794 0 0
0.64586 0 0
0.668926 0 0
0.691993 0 0
0.715059 0 0
0.738126 0 0
0.761192 0 0
0.784259 0 0
0.807325 0 0
0.830391 0 0
0.853458 0 0
0.876524 1.76737e-05 3.60722e-06
0.899591 0.00319784 4.66797e-05
0.922657 0.0473178 0.000173065
0.945724 0.297924 0.000406923
0.96879 1.01825 0.00071382
0.991856 2.26136 0.00104904
1.01492 3.64149 0.0012566
1.03799 4.61917 0.00135876
1.06106 4.8611 0.00143993
1.08412 4.4601 0.00134289
1.10719 3.64117 0.00123409
1.13026 2.67831 0.00102565
1.15332 1.82655 0.000815015
1.17639 1.14788 0.000646531
1.19945 0.665881 0.000485298
1.22252 0.357585 0.000372582
1.24559 0.182502 0.000268443
1.26865 0.0904968 0.000187948
1.29172 0.049773 0.0001348
1.31479 0.0430269 0.000124139
1.33785 0.0608664 0.000139376
1.36092 0.107508 0.000183478
1.38399 0.185571 0.000229604
1.40705 0.300451 0.000278418
1.43012 0.452473 0.000330042
1.45319 0.629611 0.000380652
1.47625 0.791976 0.000423975
1.49932 0.917407 0.000454636
1.52238 0.973553 0.000464032
1.54545 0.926974 0.000449624
1.56852 0.808575 0.00040266
1.59158 0.63753 0.000348029
1.61465 0.465537 0.000299856
1.63772 0.318477 0.000255224
1.66078 0.223227 0.000220279
1.68385 0.196431 0.000222052
1.70692 0.258178 0.000250786
1.72998 0.443168 0.00031586
1.75305 0.758099 0.000400424
1.77612 1.19821 0.00044349
1.79918 1.72557 0.000511837
1.82225 2.2341 0.00057499
1.84531 2.58885 0.000661553
1.86838 2.69475 0.000687429
1.89145 2.5451 0.000665609
1.91451 2.17555 0.00056382
1.93758 1.69468 0.000477302
1.96065 1.20137 0.000401173
1.98371 0.809337 0.000350165
2.00678 0.550312 0.000310881
2.02985 0.441857 0.000284606
2.05291 0.465892 0.000273981
2.07598 0.589899 0.000274262
2.09905 0.75854 0.000287438
2.12211 0.914573 0.000314638
2.14518 1.00239 0.00034224
2.16824 0.99955 0.000349244
2.19131 0.924086 0.00032313
2.21438 0.793239 0.000283705
2.23744 0.659238 0.000264292
2.26051 0.574612 0.000274768
2.28358 0.575796 0.000290231
