1 -0.414744 -0.414744 0
2 -0.412621 -0.413682 0.00106161
3 -0.414387 -0.413917 0.000656341
4 -0.415096 -0.414212 0.000549756
5 -0.415132 -0.414396 0.000463891
6 -0.413559 -0.414256 0.000403643
7 -0.416813 -0.414622 0.000499829
8 -0.414853 -0.41465 0.000433828
9 -0.412567 -0.414419 0.000447171
10 -0.417442 -0.414721 0.000501357
11 -0.415173 -0.414762 0.000455347
12 -0.414832 -0.414768 0.000415714
13 -0.414149 -0.414721 0.000385359
14 -0.412789 -0.414583 0.000382516
15 -0.412584 -0.414449 0.000380214
16 -0.41676 -0.414594 0.000383861
17 -0.414884 -0.414611 0.000360979
18 -0.414804 -0.414622 0.000340503
19 -0.413683 -0.414572 0.00032585
20 -0.414788 -0.414583 0.000309317
21 -0.413615 -0.414537 0.000297808
22 -0.414772 -0.414548 0.00028415
23 -0.414788 -0.414558 0.000271717
24 -0.412936 -0.41449 0.000268779
25 -0.413111 -0.414435 0.000263644
26 -0.415737 -0.414485 0.000258204
27 -0.415116 -0.414509 0.000249551
28 -0.414076 -0.414493 0.000240971
29 -0.412843 -0.414436 0.000239372
30 -0.412591 -0.414375 0.000239293
31 -0.413803 -0.414356 0.000232178
32 -0.413074 -0.414316 0.000228349
33 -0.41477 -0.41433 0.000221748
34 -0.413522 -0.414306 0.000216438
35 -0.413667 -0.414288 0.000210954
36 -0.414507 -0.414294 0.000205101
37 -0.414498 -0.4143 0.000199556
38 -0.414589 -0.414307 0.000194383
39 -0.41437 -0.414309 0.00018934
40 -0.413098 -0.414279 0.000187013
41 -0.414032 -0.414273 0.000182494
42 -0.413332 -0.41425 0.000179498
43 -0.41365 -0.414236 0.000175829
44 -0.414332 -0.414238 0.000171801
45 -0.413801 -0.414229 0.00016822
46 -0.414278 -0.41423 0.000164526
47 -0.41447 -0.414235 0.000161069
48 -0.41318 -0.414213 0.000159201
49 -0.415037 -0.41423 0.000156824
50 -0.413715 -0.414219 0.000153999
51 -0.414676 -0.414228 0.000151215
52 -0.412287 -0.414191 0.000152908
53 -0.414475 -0.414196 0.000150091
54 -0.415892 -0.414228 0.000150595
55 -0.415655 -0.414254 0.000150091
56 -0.412813 -0.414228 0.000149615
57 -0.414816 -0.414238 0.000147328
58 -0.416204 -0.414272 0.000148678
59 -0.415179 -0.414288 0.000146943
60 -0.41365 -0.414277 0.000144864
61 -0.41282 -0.414253 0.000144457
62 -0.414118 -0.414251 0.000142125
63 -0.413057 -0.414232 0.000141129
64 -0.413955 -0.414228 0.000138974
65 -0.416411 -0.414261 0.000140881
66 -0.415706 -0.414283 0.000140446
67 -0.415359 -0.414299 0.000139263
68 -0.413568 -0.414288 0.000137621
69 -0.414635 -0.414293 0.000135705
70 -0.415197 -0.414306 0.000134374
71 -0.413249 -0.414291 0.000133302
72 -0.415165 -0.414304 0.000131996
73 -0.416214 -0.41433 0.00013278
74 -0.413288 -0.414316 0.000131727
75 -0.413807 -0.414309 0.000130136
76 -0.417478 -0.414351 0.000135014
77 -0.41527 -0.414363 0.000133783
78 -0.412039 -0.414333 0.000135376
79 -0.412978 -0.414316 0.000134747
80 -0.415049 -0.414325 0.000133367
81 -0.413924 -0.41432 0.000131803
82 -0.415064 -0.414329 0.000130502
83 -0.415402 -0.414342 0.000129566
84 -0.414079 -0.414339 0.000128053
85 -0.414732 -0.414343 0.000126622
86 -0.411296 -0.414308 0.000130062
87 -0.412129 -0.414283 0.000130975
88 -0.413351 -0.414272 0.000129911
89 -0.413924 -0.414268 0.000128502
90 -0.413798 -0.414263 0.000127174
91 -0.41409 -0.414261 0.000125783
92 -0.415494 -0.414275 0.000125127
93 -0.414033 -0.414272 0.000123802
94 -0.415776 -0.414288 0.000123519
95 -0.413381 -0.414278 0.000122584
96 -0.415842 -0.414295 0.000122389
97 -0.412308 -0.414274 0.000122841
98 -0.415486 -0.414287 0.000122208
99 -0.413331 -0.414277 0.000121352
100 -0.411556 -0.41425 0.000123175
