0 0 0
0.0256496 0 0
0.0512993 0 0
0.0769489 0 0
0.102599 0 0
0.128248 0 0
0.153898 0 0
0.179547 0 0
0.205197 0 0
0.230847 0 0
0.256496 0 0
0.282146 0 0
0.307796 0 0
0.333445 0 0
0.359095 0 0
0.384745 0 0
0.410394 0 0
0.436044 0 0
0.461694 0 0
0.487343 0 0
0.512993 0 0
0.538642 0 0
0.564292 0 0
0.589942 0 0
0.615591 0 0
0.641241 0 0
0.666891 0 0
0.69254 0 0
0.71819 0 0
0.74384 0 0
0.769489 0 0
0.795139 0 0
0.820788 0 0
0.846438 1.63399e-05 1.90492e-06
0.872088 0.00127553 1.74628e-05
0.897737 0.0242721 9.56053e-05
0.923387 0.165077 0.000252114
0.949037 0.563719 0.000594696
0.974686 1.20247 0.00089354
1.00034 1.86374 0.000936817
1.02599 2.33824 0.000838492
1.05164 2.55366 0.000745169
1.07728 2.54984 0.000570925
1.10293 2.40874 0.000697767
1.12858 2.20081 0.00071528
1.15423 1.9722 0.00069324
1.17988 1.75482 0.00068147
1.20553 1.5595 0.000722905
1.23118 1.38949 0.000559158
1.25683 1.24422 0.000555827
1.28248 1.12415 0.000550774
1.30813 1.02295 0.000435456
1.33378 0.940277 0.000381403
1.35943 0.872316 0.000344322
1.38508 0.816687 0.000334926
1.41073 0.772321 0.000344076
1.43638 0.73734 0.000362795
1.46203 0.710772 0.00037977
1.48768 0.690604 0.000351564
1.51333 0.678139 0.000348173
1.53898 0.671216 0.000359608
1.56463 0.670591 0.000338609
1.59028 0.67521 0.000364639
1.61593 0.686189 0.000349845
1.64158 0.701929 0.000324368
1.66723 0.723245 0.000328753
1.69288 0.749525 0.000354633
1.71853 0.780519 0.000349429
1.74418 0.815909 0.000351511
1.76983 0.853908 0.000319025
1.79547 0.8946 0.000357454
1.82112 0.936215 0.000357622
1.84677 0.978206 0.000321286
1.87242 1.01888 0.000381674
1.89807 1.0586 0.000366488
1.92372 1.09619 0.000384255
1.94937 1.13018 0.00037682
1.97502 1.16073 0.000303787
2.00067 1.18591 0.000319604
2.02632 1.2039 0.000316202
2.05197 1.21394 0.000317355
2.07762 1.21554 0.000314856
2.10327 1.20865 0.000339352
2.12892 1.19479 0.000306194
2.15457 1.17501 0.000330658
2.18022 1.15069 0.000361191
2.20587 1.12352 0.000319406
2.23152 1.0956 0.00032416
2.25717 1.06645 0.000353959
2.28282 1.03874 0.000321407
2.30847 1.01236 0.000283932
2.33412 0.987846 0.000281051
2.35977 0.966045 0.000274095
2.38542 0.947292 0.000280269
2.41107 0.931265 0.000242325
2.43672 0.918525 0.000256293
2.46237 0.908308 0.000261363
2.48802 0.894915 0.000273915
2.51366 0.885456 0.000269332
2.53931 0.885257 0.000250107
