1 0.0487806 0.0487806 0
2 0.0490825 0.0489315 0.000150936
3 0.0490261 0.0489631 9.26735e-05
4 0.0491269 0.049004 7.72714e-05
5 0.0488952 0.0489823 6.36882e-05
6 0.0490654 0.0489961 5.38138e-05
7 0.049 0.0489967 4.54844e-05
8 0.0490125 0.0489987 3.94405e-05
9 0.0489297 0.048991 3.56162e-05
10 0.049053 0.0489972 3.24545e-05
11 0.0489292 0.048991 3.00004e-05
12 0.0489942 0.0489913 2.73878e-05
13 0.0490246 0.0489938 2.53235e-05
14 0.049 0.0489943 2.34491e-05
15 0.0490772 0.0489998 2.25196e-05
16 0.0489549 0.048997 2.12512e-05
17 0.0490015 0.0489973 1.99637e-05
18 0.049098 0.0490029 1.96361e-05
19 0.0490441 0.049005 1.87005e-05
20 0.0490354 0.0490066 1.78056e-05
21 0.0492328 0.0490173 2.00737e-05
22 0.049069 0.0490197 1.92832e-05
23 0.0491074 0.0490235 1.88166e-05
24 0.049072 0.0490255 1.81288e-05
25 0.0490745 0.0490275 1.74987e-05
26 0.0491837 0.0490335 1.78534e-05
27 0.0490071 0.0490325 1.72071e-05
28 0.0490365 0.0490327 1.65818e-05
29 0.0490732 0.0490341 1.60608e-05
30 0.0488738 0.0490287 1.64098e-05
31 0.0490434 0.0490292 1.58787e-05
32 0.0489555 0.0490269 1.55459e-05
33 0.0489855 0.0490256 1.51195e-05
34 0.0489197 0.0490225 1.49951e-05
35 0.0490696 0.0490239 1.46224e-05
36 0.0491621 0.0490277 1.47197e-05
37 0.0490461 0.0490282 1.4325e-05
38 0.0491588 0.0490316 1.43601e-05
39 0.0489517 0.0490296 1.41366e-05
40 0.0490052 0.049029 1.37921e-05
41 0.0491744 0.0490325 1.39114e-05
42 0.0490656 0.0490333 1.35991e-05
43 0.0488572 0.0490292 1.38962e-05
44 0.0490866 0.0490305 1.36392e-05
45 0.0491937 0.0490341 1.38171e-05
46 0.0490483 0.0490345 1.35169e-05
47 0.0491824 0.0490376 1.35958e-05
48 0.0492128 0.0490413 1.38009e-05
49 0.0489759 0.0490399 1.35819e-05
50 0.0491368 0.0490419 1.34477e-05
51 0.0490784 0.0490426 1.32008e-05
52 0.0490621 0.0490429 1.295e-05
53 0.0489428 0.0490411 1.28431e-05
54 0.0489323 0.049039 1.27628e-05
55 0.0491129 0.0490404 1.26004e-05
56 0.0490122 0.0490399 1.23836e-05
57 0.0489555 0.0490384 1.22541e-05
58 0.04908 0.0490391 1.20623e-05
59 0.0488902 0.0490366 1.21219e-05
60 0.0492804 0.0490407 1.2592e-05
61 0.0490953 0.0490416 1.24162e-05
62 0.048987 0.0490407 1.2246e-05
63 0.0490091 0.0490402 1.20605e-05
64 0.0490713 0.0490407 1.18805e-05
65 0.048925 0.0490389 1.18308e-05
66 0.0490182 0.0490386 1.16544e-05
67 0.0488974 0.0490365 1.16708e-05
68 0.0488654 0.0490339 1.177e-05
69 0.0491574 0.0490357 1.17353e-05
70 0.0491281 0.0490371 1.16415e-05
71 0.0489093 0.0490353 1.16165e-05
72 0.0488993 0.0490334 1.16087e-05
73 0.0491212 0.0490346 1.15116e-05
74 0.0490811 0.0490352 1.13724e-05
75 0.0489781 0.0490344 1.12455e-05
76 0.0488311 0.0490318 1.14147e-05
77 0.0487818 0.0490285 1.17239e-05
78 0.0490267 0.0490285 1.15727e-05
79 0.0489525 0.0490275 1.14657e-05
80 0.0490135 0.0490274 1.13228e-05
81 0.0489822 0.0490268 1.1196e-05
82 0.0489807 0.0490262 1.1073e-05
83 0.0492162 0.0490285 1.11756e-05
84 0.0489921 0.0490281 1.10503e-05
85 0.0493002 0.0490313 1.13791e-05
86 0.0491215 0.0490323 1.12949e-05
87 0.049108 0.0490332 1.11981e-05
88 0.0490903 0.0490339 1.10892e-05
89 0.0489028 0.0490324 1.10623e-05
90 0.0489439 0.0490314 1.09828e-05
91 0.0490075 0.0490311 1.08646e-05
92 0.0490895 0.0490318 1.07646e-05
93 0.0491247 0.0490328 1.0695e-05
94 0.0490325 0.0490328 1.05806e-05
95 0.0492422 0.049035 1.06983e-05
96 0.0490283 0.0490349 1.05865e-05
97 0.0492106 0.0490367 1.06322e-05
98 0.0488861 0.0490352 1.06348e-05
99 0.049026 0.0490351 1.05273e-05
100 0.0490813 0.0490356 1.04317e-05
