0 0 0
0.064633 0 0
0.129266 0 0
0.193899 0 0
0.258532 0 0
0.323165 0 0
0.387798 0 0
0.452431 0 0
0.517064 0 0
0.581697 0 0
0.64633 0 0
0.710963 0 0
0.775596 0 0
0.84023 0.00128777 2.77364e-05
0.904863 0.152957 0.000281798
0.969496 1.05734 0.000702968
1.03413 2.03029 0.000902281
1.09876 2.28187 0.000899581
1.16339 2.09522 0.000818421
1.22803 1.82257 0.000714141
1.29266 1.60069 0.000642915
1.35729 1.44083 0.00058316
1.42193 1.32643 0.000531495
1.48656 1.24975 0.000494827
1.55119 1.186 0.000462507
1.61583 1.13887 0.000439733
1.68046 1.1138 0.000418351
1.74509 1.09661 0.000403184
1.80973 1.07359 0.000381357
1.87436 1.06238 0.000360256
1.93899 1.06442 0.000353557
2.00362 1.06137 0.000337532
2.06826 1.0627 0.000331884
2.13289 1.05754 0.000320884
2.19752 1.0451 0.000310112
2.26216 1.0409 0.000296661
2.32679 1.03848 0.000292618
2.39142 1.03007 0.000281657
2.45606 1.02739 0.000274346
2.52069 1.02341 0.00026686
2.58532 1.01793 0.000259915
2.64995 1.0152 0.000254698
2.71459 1.01189 0.000249888
2.77922 1.00901 0.000242771
2.84385 1.00576 0.000235024
2.90849 1.0021 0.000228568
2.97312 1.00446 0.000225445
3.03775 0.997484 0.000218199
3.10239 0.995717 0.000216897
3.16702 1.00107 0.000211602
3.23165 1.00231 0.000209498
3.29629 0.998231 0.000203073
3.36092 0.996897 0.000197914
3.42555 0.995496 0.000195841
3.49018 0.993269 0.000193318
3.55482 0.993699 0.000189284
3.61945 0.991605 0.000184305
3.68408 0.991608 0.000180935
3.74872 0.988067 0.000176575
3.81335 0.987981 0.000173261
3.87798 0.988441 0.000172029
3.94262 0.989296 0.000169047
4.00725 0.988812 0.000165145
4.07188 0.989691 0.000165214
4.13651 0.989054 0.000162433
4.20115 0.988464 0.000160645
4.26578 0.989535 0.000157038
4.33041 0.989663 0.000153702
4.39505 0.992015 0.000150452
4.45968 0.99189 0.000150227
4.52431 0.989167 0.000147921
4.58895 0.990509 0.000145854
4.65358 0.987663 0.000144128
4.71821 0.986242 0.000141554
4.78285 0.984589 0.000138512
4.84748 0.985279 0.000136427
4.91211 0.983551 0.000135934
4.97674 0.983738 0.000131916
5.04138 0.982635 0.000129891
5.10601 0.983486 0.000129479
5.17064 0.986083 0.000129245
5.23528 0.987008 0.000127198
5.29991 0.988662 0.000125648
5.36454 0.988366 0.000123969
5.42918 0.989596 0.00012237
5.49381 0.987249 0.000121225
5.55844 0.985662 0.000118755
5.62307 0.987385 0.000118716
5.68771 0.987211 0.000116514
5.75234 0.985575 0.000114831
5.81697 0.989221 0.00011333
5.88161 0.988908 0.000112665
5.94624 0.988961 0.000111002
6.01087 0.985298 0.000111249
6.07551 0.985539 0.00010766
6.14014 0.985574 0.000107312
6.20477 0.984298 0.000106352
6.2694 0.986999 0.000105736
6.33404 0.986251 0.000104083
6.39867 0.987078 0.000103412
