1 7.54088 7.54088 0
2 7.58214 7.56151 0.0206289
3 7.56688 7.5633 0.012044
4 7.57948 7.56735 0.00942845
5 7.5961 7.5731 0.00929548
6 7.55665 7.57036 0.00806977
7 7.57351 7.57081 0.0068351
8 7.59558 7.5739 0.00668061
9 7.57407 7.57392 0.00589177
10 7.6068 7.57721 0.00621135
11 7.59536 7.57886 0.00585555
12 7.61329 7.58173 0.00606654
13 7.60587 7.58359 0.0058813
14 7.60106 7.58484 0.00558627
15 7.61854 7.58708 0.00566529
16 7.58266 7.58681 0.00530658
17 7.60634 7.58796 0.00511538
18 7.60291 7.58879 0.00489384
19 7.60987 7.5899 0.00476022
20 7.56265 7.58853 0.00471691
21 7.58398 7.58832 0.00449192
22 7.60161 7.58892 0.00432533
23 7.63616 7.59097 0.00461524
24 7.60264 7.59146 0.00444539
25 7.56417 7.59037 0.0044014
26 7.56986 7.58958 0.00430169
27 7.57933 7.5892 0.00415668
28 7.59023 7.58924 0.00400565
29 7.63172 7.5907 0.00413338
30 7.64474 7.5925 0.00438069
31 7.59532 7.59259 0.00423799
32 7.53706 7.59086 0.00445535
33 7.57491 7.59038 0.00434518
34 7.61197 7.59101 0.00426301
35 7.58492 7.59084 0.00414308
36 7.5794 7.59052 0.00403886
37 7.60851 7.591 0.00395816
38 7.63259 7.5921 0.00400502
39 7.59693 7.59222 0.00390294
40 7.58737 7.5921 0.00380605
41 7.55701 7.59125 0.00380948
42 7.65771 7.59283 0.00404042
43 7.58905 7.59274 0.00394632
44 7.57632 7.59237 0.00387361
45 7.59844 7.5925 0.00378895
46 7.62765 7.59327 0.00378363
47 7.58926 7.59318 0.00370324
48 7.59065 7.59313 0.00362565
49 7.57929 7.59285 0.0035621
50 7.63373 7.59366 0.00358464
51 7.6052 7.59389 0.00352092
52 7.58629 7.59374 0.00345564
53 7.63615 7.59454 0.00348297
54 7.61681 7.59496 0.00344264
55 7.57212 7.59454 0.00340489
56 7.59505 7.59455 0.00334354
57 7.59047 7.59448 0.00328514
58 7.62411 7.59499 0.00326818
59 7.58402 7.5948 0.00321768
60 7.63651 7.5955 0.00323907
61 7.60714 7.59569 0.00319124
62 7.59049 7.59561 0.00314046
63 7.58586 7.59545 0.00309408
64 7.59145 7.59539 0.00304599
65 7.59825 7.59543 0.00299909
66 7.56146 7.59492 0.00299781
67 7.57242 7.59458 0.00297176
68 7.55068 7.59394 0.00299808
69 7.56472 7.59351 0.00298449
70 7.55392 7.59295 0.00299542
71 7.62899 7.59345 0.00299626
72 7.59728 7.59351 0.00295483
73 7.61048 7.59374 0.00292333
74 7.61107 7.59397 0.00289304
75 7.58346 7.59383 0.00285765
76 7.58016 7.59365 0.00282554
77 7.6022 7.59377 0.00279081
78 7.60192 7.59387 0.00275678
79 7.60107 7.59396 0.00272318
80 7.58967 7.59391 0.00268946
81 7.59019 7.59386 0.00265645
82 7.58177 7.59371 0.00262799
83 7.57078 7.59344 0.0026108
84 7.59007 7.5934 0.00257985
85 7.57272 7.59315 0.0025609
86 7.56852 7.59287 0.00254709
87 7.6446 7.59346 0.0025869
88 7.57178 7.59322 0.00256918
89 7.6179 7.59349 0.00255524
90 7.56348 7.59316 0.0025486
91 7.61146 7.59336 0.00252845
92 7.6102 7.59354 0.0025075
93 7.59116 7.59352 0.00248053
94 7.59483 7.59353 0.00245403
95 7.6259 7.59387 0.00245186
96 7.63045 7.59425 0.00245593
97 7.6291 7.59461 0.00245688
98 7.58787 7.59454 0.00243265
99 7.5915 7.59451 0.00240815
100 7.60494 7.59462 0.00238623
