0 0 0
0.0256496 0 0
0.0512993 0 0
0.0769489 0 0
0.102599 0 0
0.128248 0 0
0.153898 0 0
0.179547 0 0
0.205197 0 0
0.230847 0 0
0.256496 0 0
0.282146 0 0
0.307796 0 0
0.333445 0 0
0.359095 0 0
0.384745 0 0
0.410394 0 0
0.436044 0 0
0.461694 0 0
0.487343 0 0
0.512993 0 0
0.538642 0 0
0.564292 0 0
0.589942 0 0
0.615591 0 0
0.641241 0 0
0.666891 0 0
0.69254 0 0
0.71819 0 0
0.74384 0 0
0.769489 0 0
0.795139 0 0
0.820788 0 0
0.846438 0 0
0.872088 0.00122426 3.32827e-05
0.897737 0.0246965 0.000142249
0.923387 0.172953 0.000366237
0.949037 0.586898 0.000619249
0.974686 1.22889 0.000884908
1.00034 1.88318 0.00106093
1.02599 2.3459 0.00115664
1.05164 2.55216 0.00118344
1.07728 2.54333 0.00113538
1.10293 2.40401 0.00107496
1.12858 2.19997 0.00104245
1.15423 1.96684 0.000967005
1.17988 1.74788 0.000911703
1.20553 1.54797 0.000835335
1.23118 1.3794 0.000784212
1.25683 1.23174 0.000737899
1.28248 1.0989 0.000683766
1.30813 1.0082 0.000629576
1.33378 0.931104 0.000585006
1.35943 0.864187 0.000559349
1.38508 0.816706 0.000539067
1.41073 0.766045 0.00050684
1.43638 0.734753 0.000495436
1.46203 0.711357 0.000470319
1.48768 0.692338 0.000449929
1.51333 0.676252 0.000445248
1.53898 0.67197 0.000436856
1.56463 0.675901 0.000438727
1.59028 0.681073 0.000443
1.61593 0.698759 0.00043151
1.64158 0.710874 0.000423718
1.66723 0.730277 0.000416396
1.69288 0.759098 0.000416191
1.71853 0.794217 0.00043012
1.74418 0.826233 0.000435289
1.76983 0.867887 0.000429704
1.79547 0.903596 0.000430109
1.82112 0.933247 0.000445645
1.84677 0.973233 0.00044263
1.87242 1.01821 0.00044269
1.89807 1.05623 0.000443778
1.92372 1.09486 0.000437314
1.94937 1.13117 0.000448257
1.97502 1.17033 0.000447445
2.00067 1.19225 0.000448541
2.02632 1.20346 0.000438605
2.05197 1.20884 0.00042934
2.07762 1.21377 0.000434716
2.10327 1.20126 0.000423794
2.12892 1.18436 0.000430677
2.15457 1.16916 0.000418289
2.18022 1.1415 0.000401855
2.20587 1.11715 0.000396639
2.23152 1.08249 0.000386067
2.25717 1.05752 0.000383777
2.28282 1.03139 0.000371751
2.30847 1.00544 0.000362897
2.33412 0.979403 0.000351119
2.35977 0.959124 0.000348162
2.38542 0.944516 0.000352356
2.41107 0.927225 0.00032665
2.43672 0.914367 0.000332315
2.46237 0.904033 0.000322089
2.48802 0.898427 0.000316913
2.51366 0.894043 0.000318598
2.53931 0.895701 0.000311865
