0 0 0
0.0230664 0 0
0.0461329 0 0
0.0691993 0 0
0.0922657 0 0
0.115332 0 0
0.138399 0 0
0.161465 0 0
0.184531 0 0
0.207598 0 0
0.230664 0 0
0.253731 0 0
0.276797 0 0
0.299864 0 0
0.32293 0 0
0.345996 0 0
0.369063 0 0
0.392129 0 0
0.415196 0 0
0.438262 0 0
0.461329 0 0
0.484395 0 0
0.507461 0 0
0.530528 0 0
0.553594 0 0
0.576661 0 0
0.599727 0 0
0.622794 0 0
0.64586 0 0
0.668926 0 0
0.691993 0 0
0.715059 0 0
0.738126 0 0
0.761192 0 0
0.784259 0 0
0.807325 0 0
0.830391 0 0
0.853458 1.08668e-06 5.9432e-07
0.876524 7.68807e-05 3.83194e-06
0.899591 0.00339309 2.66353e-05
0.922657 0.0471924 0.000103017
0.945724 0.293518 0.000353946
0.96879 1.00621 0.000714254
0.991856 2.24181 0.000850791
1.01492 3.62598 0.000723014
1.03799 4.61901 0.000736265
1.06106 4.8972 0.00105539
1.08412 4.49038 0.00130073
1.10719 3.65681 0.000988899
1.13026 2.69412 0.000708666
1.15332 1.81529 0.000411343
1.17639 1.13115 0.00038397
1.19945 0.653899 0.000417078
1.22252 0.353774 0.0003887
1.24559 0.17971 0.000290037
1.26865 0.0892111 0.000198546
1.29172 0.0494932 0.000153446
1.31479 0.0423675 0.000153311
1.33785 0.0608112 0.000154895
1.36092 0.106344 0.000189028
1.38399 0.1842 0.000229637
1.40705 0.300151 0.000220651
1.43012 0.452896 0.000193221
1.45319 0.627966 0.000201255
1.47625 0.796852 0.000301012
1.49932 0.921684 0.000408258
1.52238 0.970629 0.000440238
1.54545 0.929613 0.00043568
1.56852 0.808488 0.000321576
1.59158 0.641049 0.000212391
1.61465 0.465333 0.000175426
1.63772 0.316817 0.000244491
1.66078 0.219515 0.000262863
1.68385 0.192127 0.000326395
1.70692 0.255168 0.000402381
1.72998 0.434056 0.000473437
1.75305 0.749501 0.000494661
1.77612 1.19832 0.000393422
1.79918 1.72781 0.00031129
1.82225 2.23553 0.00046762
1.84531 2.5971 0.000740496
1.86838 2.71297 0.000921518
1.89145 2.55659 0.000829275
1.91451 2.17987 0.000621051
1.93758 1.68976 0.000314305
1.96065 1.20073 0.000299388
1.98371 0.802101 0.000412477
2.00678 0.542771 0.000447219
2.02985 0.434781 0.000474734
2.05291 0.461755 0.000421735
2.07598 0.587144 0.000292641
2.09905 0.758251 0.000171358
2.12211 0.917386 0.000227891
2.14518 1.01384 0.000321409
2.16824 1.02156 0.00033584
2.19131 0.919089 0.00028996
2.21438 0.780651 0.000170782
2.23744 0.653995 0.00023288
2.26051 0.572268 0.000360642
2.28358 0.573293 0.000455642
