1 -5.46501 -5.46501 0
2 -5.47424 -5.46962 0.0046146
3 -5.46976 -5.46967 0.00266465
4 -5.46442 -5.46836 0.00229653
5 -5.45925 -5.46654 0.00254665
6 -5.46008 -5.46546 0.0023416
7 -5.47234 -5.46644 0.00220939
8 -5.46886 -5.46674 0.0019372
9 -5.4671 -5.46678 0.0017089
10 -5.47205 -5.46731 0.00161678
11 -5.46415 -5.46702 0.00149039
12 -5.47217 -5.46745 0.00142665
13 -5.47195 -5.4678 0.0013572
14 -5.47431 -5.46826 0.00133996
15 -5.46925 -5.46833 0.00124916
16 -5.4629 -5.46799 0.00121674
17 -5.45785 -5.46739 0.00128933
18 -5.45809 -5.46688 0.001321
19 -5.46461 -5.46676 0.00125522
20 -5.45704 -5.46627 0.00128611
21 -5.46338 -5.46613 0.00123104
22 -5.46853 -5.46624 0.00117881
23 -5.46056 -5.466 0.00115319
24 -5.45685 -5.46561 0.00116799
25 -5.4647 -5.46558 0.00112089
26 -5.46347 -5.4655 0.00107995
27 -5.46262 -5.46539 0.00104465
28 -5.46664 -5.46544 0.00100763
29 -5.45683 -5.46514 0.00101655
30 -5.46913 -5.46527 0.000991053
31 -5.45536 -5.46495 0.00101046
32 -5.47681 -5.46532 0.00104617
33 -5.45494 -5.46501 0.00106168
34 -5.46652 -5.46505 0.00103093
35 -5.46481 -5.46504 0.00100107
36 -5.45772 -5.46484 0.000993922
37 -5.46501 -5.46485 0.000966696
38 -5.46786 -5.46493 0.000944248
39 -5.46289 -5.46487 0.000921191
40 -5.46237 -5.46481 0.00090004
41 -5.45391 -5.46454 0.000917207
42 -5.46294 -5.46451 0.000895919
43 -5.47396 -5.46473 0.00090202
44 -5.46387 -5.46471 0.000881499
45 -5.45918 -5.46458 0.000870381
46 -5.45696 -5.46442 0.000867245
47 -5.45461 -5.46421 0.000873873
48 -5.46287 -5.46418 0.000855929
49 -5.46497 -5.4642 0.000838431
50 -5.4687 -5.46429 0.000826406
51 -5.47268 -5.46445 0.000826573
52 -5.4537 -5.46425 0.000836504
53 -5.47082 -5.46437 0.000829889
54 -5.4687 -5.46445 0.00081831
55 -5.46181 -5.4644 0.000804728
56 -5.46295 -5.46438 0.000790652
57 -5.46653 -5.46441 0.000777574
58 -5.45367 -5.46423 0.000786178
59 -5.46326 -5.46421 0.000772913
60 -5.45889 -5.46412 0.000765074
61 -5.45615 -5.46399 0.000763702
62 -5.46739 -5.46405 0.000753283
63 -5.45658 -5.46393 0.000750642
64 -5.46388 -5.46393 0.00073882
65 -5.45684 -5.46382 0.000735485
66 -5.46616 -5.46385 0.000725123
67 -5.46944 -5.46394 0.000719063
68 -5.46606 -5.46397 0.000709095
69 -5.4755 -5.46414 0.000718441
70 -5.46761 -5.46419 0.000709844
71 -5.46088 -5.46414 0.000701326
72 -5.46316 -5.46413 0.000691649
73 -5.46681 -5.46416 0.000683099
74 -5.45257 -5.46401 0.000691783
75 -5.46501 -5.46402 0.000682627
76 -5.46364 -5.46401 0.000673604
77 -5.47133 -5.46411 0.000671562
78 -5.4677 -5.46415 0.000664493
79 -5.46062 -5.46411 0.000657548
80 -5.46722 -5.46415 0.000650435
81 -5.46103 -5.46411 0.000643507
82 -5.47677 -5.46426 0.000654094
83 -5.47265 -5.46437 0.000654023
84 -5.46121 -5.46433 0.000647283
85 -5.4744 -5.46445 0.000650501
86 -5.46452 -5.46445 0.000642893
87 -5.45893 -5.46438 0.000638621
88 -5.47061 -5.46445 0.000635268
89 -5.46426 -5.46445 0.000628093
90 -5.45948 -5.4644 0.000623523
91 -5.47214 -5.46448 0.000622478
92 -5.45654 -5.4644 0.000621695
93 -5.46511 -5.4644 0.000615021
94 -5.47277 -5.46449 0.000614917
95 -5.45222 -5.46436 0.000621978
96 -5.46155 -5.46433 0.000616165
97 -5.46983 -5.46439 0.000612409
98 -5.47638 -5.46451 0.00061834
99 -5.45577 -5.46443 0.000618396
100 -5.45734 -5.46435 0.000616272
