1 -7.55612 -7.55612 0
2 -7.54862 -7.55237 0.00375151
3 -7.5514 -7.55205 0.00219031
4 -7.54924 -7.55134 0.0017008
5 -7.54612 -7.5503 0.00168179
6 -7.55332 -7.5508 0.00146268
7 -7.55026 -7.55072 0.00123865
8 -7.54628 -7.55017 0.001208
9 -7.55048 -7.5502 0.0010659
10 -7.54397 -7.54958 0.00113904
11 -7.54641 -7.54929 0.00106975
12 -7.54289 -7.54876 0.0011127
13 -7.54446 -7.54843 0.00107566
14 -7.54514 -7.54819 0.0010231
15 -7.54189 -7.54777 0.00104098
16 -7.54846 -7.54782 0.000974708
17 -7.54451 -7.54762 0.000936069
18 -7.54501 -7.54748 0.000894393
19 -7.54413 -7.5473 0.000864183
20 -7.55208 -7.54754 0.000854026
21 -7.54843 -7.54758 0.000813448
22 -7.54484 -7.54746 0.000785543
23 -7.53876 -7.54708 0.000840534
24 -7.54464 -7.54698 0.000811127
25 -7.55177 -7.54717 0.00080129
26 -7.55102 -7.54732 0.000783969
27 -7.54917 -7.54739 0.000757489
28 -7.54748 -7.54739 0.000729942
29 -7.53958 -7.54712 0.000754002
30 -7.53708 -7.54679 0.000801644
31 -7.54641 -7.54677 0.000775448
32 -7.55702 -7.54709 0.000816201
33 -7.55003 -7.54718 0.00079607
34 -7.54299 -7.54706 0.000782095
35 -7.54792 -7.54708 0.000759824
36 -7.54934 -7.54715 0.000741081
37 -7.54392 -7.54706 0.000726016
38 -7.53968 -7.54687 0.000732833
39 -7.54584 -7.54684 0.000714283
40 -7.54748 -7.54685 0.000696383
41 -7.55322 -7.54701 0.00069668
42 -7.53506 -7.54673 0.000737046
43 -7.54739 -7.54674 0.000719867
44 -7.5498 -7.54681 0.000706739
45 -7.54583 -7.54679 0.0006912
46 -7.54054 -7.54665 0.000689502
47 -7.54728 -7.54667 0.000674806
48 -7.54712 -7.54668 0.000660665
49 -7.54915 -7.54673 0.000649006
50 -7.5394 -7.54658 0.000652553
51 -7.54434 -7.54654 0.000641134
52 -7.54759 -7.54656 0.000629012
53 -7.53893 -7.54641 0.000633581
54 -7.54252 -7.54634 0.000625896
55 -7.55038 -7.54641 0.000618788
56 -7.54647 -7.54641 0.000607638
57 -7.54739 -7.54643 0.000597129
58 -7.54086 -7.54634 0.000594543
59 -7.54838 -7.54637 0.000585406
60 -7.5388 -7.54624 0.000589223
61 -7.54404 -7.54621 0.000580605
62 -7.54728 -7.54623 0.000571424
63 -7.54746 -7.54625 0.000562624
64 -7.54706 -7.54626 0.000553908
65 -7.54553 -7.54625 0.000545436
66 -7.5525 -7.54634 0.00054539
67 -7.55075 -7.54641 0.000541198
68 -7.55429 -7.54652 0.000545636
69 -7.55181 -7.5466 0.000543101
70 -7.5537 -7.5467 0.000544815
71 -7.54021 -7.54661 0.000544823
72 -7.54585 -7.5466 0.000537308
73 -7.54367 -7.54656 0.000531411
74 -7.54356 -7.54652 0.000525747
75 -7.54827 -7.54654 0.000519214
76 -7.54874 -7.54657 0.000513151
77 -7.54491 -7.54655 0.000506902
78 -7.54514 -7.54653 0.000500688
79 -7.54538 -7.54652 0.000494524
80 -7.54717 -7.54652 0.000488372
81 -7.54712 -7.54653 0.000482361
82 -7.54848 -7.54656 0.000477036
83 -7.55068 -7.54661 0.000473867
84 -7.54736 -7.54661 0.000468278
85 -7.55047 -7.54666 0.000464949
86 -7.55099 -7.54671 0.000462261
87 -7.53724 -7.5466 0.000469696
88 -7.55019 -7.54664 0.000466115
89 -7.54227 -7.54659 0.000463457
90 -7.55202 -7.54665 0.000462235
91 -7.54326 -7.54662 0.000458648
92 -7.54333 -7.54658 0.000455036
93 -7.54723 -7.54659 0.000450171
94 -7.54625 -7.54658 0.000445371
95 -7.54068 -7.54652 0.000445015
96 -7.53991 -7.54645 0.000445714
97 -7.53995 -7.54639 0.000446163
98 -7.54735 -7.5464 0.000441696
99 -7.54695 -7.5464 0.000437247
100 -7.54471 -7.54638 0.000433184
