0 0 0
0.064633 0 0
0.129266 0 0
0.193899 0 0
0.258532 0 0
0.323165 0 0
0.387798 0 0
0.452431 0 0
0.517064 0 0
0.581697 0 0
0.64633 0 0
0.710963 0 0
0.775596 0 0
0.84023 0.000969866 2.97461e-05
0.904863 0.148466 0.00032616
0.969496 1.06472 0.00101742
1.03413 2.04162 0.0015902
1.09876 2.26719 0.00183468
1.16339 2.08613 0.00162161
1.22803 1.83343 0.00127787
1.29266 1.61661 0.0011797
1.35729 1.4529 0.000932997
1.42193 1.33497 0.000828568
1.48656 1.2509 0.000721877
1.55119 1.18748 0.000660744
1.61583 1.14501 0.000669707
1.68046 1.11185 0.000716922
1.74509 1.08971 0.000537944
1.80973 1.07447 0.000635895
1.87436 1.06582 0.000427713
1.93899 1.05982 0.000580371
2.00362 1.05811 0.000482569
2.06826 1.05421 0.000412221
2.13289 1.05158 0.000467136
2.19752 1.04792 0.000443912
2.26216 1.04192 0.000472696
2.32679 1.03712 0.00038861
2.39142 1.03165 0.000414383
2.45606 1.02616 0.00039046
2.52069 1.02123 0.000422088
2.58532 1.01726 0.000352175
2.64995 1.01388 0.000331515
2.71459 1.01025 0.00037414
2.77922 1.00759 0.000317041
2.84385 1.0048 0.00033319
2.90849 1.00408 0.000328161
2.97312 1.00186 0.000327072
3.03775 0.999779 0.000296894
3.10239 0.998645 0.000275687
3.16702 0.997754 0.000310685
3.23165 0.996413 0.000304008
3.29629 0.995311 0.000277413
3.36092 0.994592 0.000288039
3.42555 0.994246 0.000281034
3.49018 0.99315 0.000270613
3.55482 0.99286 0.000269383
3.61945 0.991789 0.000271704
3.68408 0.99117 0.000260287
3.74872 0.990876 0.00025297
3.81335 0.990255 0.000242841
3.87798 0.990199 0.000221471
3.94262 0.98926 0.000239794
4.00725 0.989654 0.000258757
4.07188 0.988904 0.00023297
4.13651 0.988422 0.000238618
4.20115 0.98833 0.000246821
4.26578 0.988129 0.000230406
4.33041 0.987554 0.0002092
4.39505 0.987601 0.000203657
4.45968 0.987593 0.000211093
4.52431 0.987224 0.000197003
4.58895 0.987366 0.000199192
4.65358 0.987039 0.000194491
4.71821 0.987092 0.000185
4.78285 0.986804 0.000177451
4.84748 0.986945 0.0001833
4.91211 0.986799 0.0001787
4.97674 0.986506 0.000162844
5.04138 0.986401 0.000174632
5.10601 0.986122 0.000187458
5.17064 0.986025 0.000170373
5.23528 0.986215 0.000179921
5.29991 0.985968 0.000166645
5.36454 0.986068 0.000194647
5.42918 0.986011 0.000173985
5.49381 0.98611 0.000169365
5.55844 0.986175 0.000157641
5.62307 0.985816 0.000182789
5.68771 0.986033 0.000151086
5.75234 0.985828 0.000157446
5.81697 0.986091 0.000151087
5.88161 0.986081 0.000162567
5.94624 0.98586 0.000153301
6.01087 0.985806 0.000140507
6.07551 0.985616 0.000135107
6.14014 0.985749 0.000155074
6.20477 0.986012 0.00014547
6.2694 0.986025 0.000152166
6.33404 0.986052 0.000144018
6.39867 0.985997 0.000149072
