0 -0.456035 0.00880381
1 -0.53118 0.00721181
2 -0.589082 0.00550303
3 -0.633407 0.00447213
4 -0.671349 0.00418526
5 -0.697216 0.00445012
6 -0.71972 0.00353429
7 -0.736743 0.00420708
8 -0.751336 0.00462406
9 -0.758518 0.00324667
10 -0.765664 0.00313283
11 -0.770703 0.00337437
12 -0.777029 0.00250819
13 -0.777846 0.0024462
14 -0.782277 0.00273332
15 -0.783737 0.00258479
16 -0.78793 0.00214485
17 -0.789639 0.00242077
18 -0.792241 0.00217686
19 -0.793811 0.00246729
20 -0.793005 0.00187512
21 -0.791496 0.00194716
22 -0.790773 0.00198972
23 -0.792776 0.00171362
24 -0.793619 0.00190394
25 -0.79423 0.00216171
26 -0.792787 0.00201292
27 -0.791137 0.00240845
28 -0.789201 0.00279965
29 -0.788893 0.00226081
30 -0.787778 0.00232213
31 -0.789712 0.00213799
32 -0.787155 0.00208538
33 -0.785069 0.00238992
34 -0.787108 0.00232961
35 -0.784868 0.00246407
36 -0.784508 0.00217681
37 -0.784634 0.00193338
38 -0.786238 0.0020775
39 -0.784537 0.00268519
40 -0.784018 0.00290756
41 -0.782641 0.00287043
42 -0.784631 0.00282763
43 -0.783697 0.00225501
44 -0.784423 0.0018916
45 -0.784679 0.00220057
46 -0.784875 0.00221687
47 -0.785077 0.00195988
48 -0.785261 0.00281547
49 -0.783129 0.00224801
50 -0.784826 0.00216965
51 -0.785899 0.00209054
52 -0.785271 0.00161325
53 -0.784731 0.00190367
54 -0.786145 0.00254233
55 -0.785985 0.00247471
56 -0.788222 0.00254687
57 -0.786456 0.0025287
58 -0.784186 0.00210436
59 -0.783746 0.00182224
60 -0.785327 0.00227994
61 -0.784046 0.00202471
62 -0.785688 0.00221781
63 -0.786161 0.00250291
64 -0.78672 0.0020637
65 -0.785291 0.0019024
66 -0.786806 0.00196768
67 -0.78609 0.00223065
68 -0.785307 0.00184617
69 -0.785303 0.00191584
70 -0.78797 0.00187076
71 -0.787102 0.00144814
72 -0.787148 0.00170423
73 -0.786815 0.00163281
74 -0.785049 0.00185578
75 -0.783487 0.00155604
76 -0.783299 0.00168816
77 -0.782457 0.00155493
78 -0.781515 0.00183609
79 -0.778392 0.00165024
80 -0.779996 0.00191105
81 -0.781828 0.00244324
82 -0.781336 0.00208858
83 -0.781635 0.00218249
84 -0.779576 0.00211668
85 -0.77978 0.00200915
86 -0.781626 0.00209542
87 -0.782228 0.00239072
88 -0.782625 0.00211678
89 -0.781271 0.00250133
90 -0.780067 0.00282429
91 -0.779513 0.00250115
92 -0.777733 0.00202517
93 -0.779071 0.00214545
94 -0.777457 0.00243175
95 -0.776488 0.00270172
96 -0.775593 0.00227612
97 -0.775496 0.00200463
98 -0.777549 0.00189597
99 -0.779221 0.00185776
100 -0.778325 0.0021182
101 -0.778902 0.00228921
102 -0.780313 0.00229509
103 -0.779283 0.00227965
104 -0.780895 0.00238365
105 -0.781309 0.00210742
106 -0.780378 0.00195077
107 -0.779786 0.00225285
108 -0.777954 0.00262726
109 -0.779677 0.0022001
110 -0.780279 0.00215281
111 -0.780296 0.00279767
112 -0.780383 0.00228073
113 -0.78099 0.00200463
114 -0.782128 0.00187322
115 -0.782734 0.00185477
116 -0.783614 0.00178097
117 -0.784557 0.0013642
118 -0.783669 0.00212162
119 -0.781013 0.00244814
120 -0.781223 0.00212046
121 -0.783064 0.00159759
122 -0.782626 0.00207397
123 -0.781798 0.00187905
124 -0.782363 0.00133761
125 -0.785008 0.00130738
126 -0.783949 0.00132225
127 -0.784119 0.00183314
128 -0.783686 0.00158492
129 -0.782232 0.00163307
130 -0.784006 0.00176207
131 -0.783308 0.00177231
132 -0.782747 0.00211292
133 -0.782241 0.00220927
134 -0.780829 0.00237325
135 -0.780819 0.00214856
136 -0.781233 0.00216282
137 -0.781606 0.00207975
138 -0.780847 0.00212015
139 -0.78089 0.00162662
140 -0.78213 0.00212915
141 -0.781929 0.00195443
142 -0.781444 0.00216548
143 -0.784132 0.00222821
144 -0.783209 0.00194267
145 -0.782758 0.00187389
146 -0.782375 0.00180007
147 -0.779925 0.00175224
148 -0.780568 0.00162527
149 -0.779749 0.00168919
150 -0.780436 0.00191245
151 -0.782741 0.00191212
152 -0.780765 0.00222416
153 -0.779513 0.00203068
154 -0.780362 0.00230053
155 -0.78156 0.00200357
156 -0.780894 0.00189575
157 -0.780868 0.00178929
158 -0.781003 0.00168139
159 -0.781753 0.00211248
160 -0.780901 0.00242384
161 -0.780955 0.00231293
162 -0.780116 0.00206327
163 -0.778868 0.0015262
164 -0.779139 0.00150526
165 -0.779512 0.00163519
166 -0.781676 0.0017912
167 -0.783539 0.00207115
168 -0.781182 0.00148922
169 -0.781839 0.00161978
170 -0.781795 0.00183551
171 -0.782404 0.00160635
172 -0.780987 0.00183777
173 -0.778684 0.00185119
174 -0.778356 0.00168852
175 -0.779831 0.00199364
176 -0.779904 0.00154117
177 -0.781262 0.00182655
178 -0.781798 0.00193799
179 -0.779686 0.00215221
180 -0.77953 0.00267758
181 -0.781085 0.00244927
182 -0.783137 0.00226007
183 -0.781238 0.00193573
184 -0.782071 0.00216515
185 -0.783929 0.00202758
186 -0.783934 0.00177861
187 -0.784026 0.00186357
188 -0.783487 0.00173531
189 -0.787584 0.00182394
190 -0.786935 0.00175425
191 -0.785063 0.00166337
192 -0.788515 0.00190252
193 -0.785642 0.0017942
194 -0.783819 0.00208251
195 -0.782621 0.00165429
196 -0.782237 0.0020054
197 -0.784265 0.00192335
198 -0.785325 0.00208906
199 -0.784418 0.00231459
200 -0.782981 0.00224507
201 -0.782643 0.00229756
202 -0.783233 0.00231506
203 -0.782961 0.00232574
204 -0.782723 0.00207276
205 -0.783045 0.00247467
206 -0.782357 0.00246583
207 -0.780328 0.00189175
208 -0.779999 0.00252258
209 -0.778596 0.00219014
210 -0.777888 0.00240353
211 -0.77964 0.00218872
212 -0.779149 0.00173715
213 -0.780629 0.00170651
214 -0.780888 0.00187295
215 -0.783044 0.00213821
216 -0.781795 0.00258953
217 -0.781201 0.00224482
218 -0.780202 0.00168945
219 -0.781129 0.00186204
220 -0.781155 0.0017686
221 -0.781934 0.00188278
222 -0.78134 0.00203483
223 -0.780402 0.00193017
224 -0.78052 0.00162734
225 -0.779899 0.00195591
226 -0.779308 0.00222326
227 -0.779127 0.00200933
228 -0.78123 0.00219643
229 -0.779108 0.00192543
230 -0.780823 0.0017539
231 -0.781495 0.0019219
232 -0.780985 0.00180187
233 -0.781383 0.00166543
234 -0.780789 0.00200541
235 -0.781312 0.00205432
236 -0.781136 0.00192528
237 -0.779228 0.0021375
238 -0.780179 0.00225117
239 -0.780357 0.00245934
240 -0.781027 0.00207251
241 -0.782494 0.00238881
242 -0.779661 0.00261511
243 -0.779766 0.00243948
244 -0.780803 0.00248175
245 -0.782883 0.00258793
246 -0.782475 0.0025288
247 -0.781889 0.00284514
248 -0.782708 0.00267156
249 -0.783841 0.00303447
250 -0.782963 0.00332895
251 -0.784321 0.00378909
252 -0.784803 0.00361165
253 -0.784354 0.00256885
254 -0.784773 0.00255589
255 -0.784627 0.00219855
256 -0.783309 0.00242559
257 -0.783319 0.00243848
258 -0.783963 0.00248759
259 -0.783198 0.00208423
260 -0.784454 0.00247944
261 -0.783376 0.00250973
262 -0.785053 0.00245894
263 -0.786266 0.00260123
264 -0.785766 0.00224265
265 -0.786711 0.00224315
266 -0.789636 0.0025129
267 -0.792544 0.00300398
268 -0.789343 0.0026302
269 -0.78908 0.00235531
270 -0.788774 0.00274305
271 -0.787282 0.00295466
272 -0.789895 0.00226301
273 -0.789191 0.00246267
274 -0.788155 0.00276375
275 -0.787755 0.00242069
276 -0.788164 0.00229807
277 -0.787747 0.00300211
278 -0.787833 0.00266955
279 -0.788779 0.00251707
280 -0.790294 0.0021925
281 -0.790769 0.00242918
282 -0.789147 0.00268319
283 -0.785267 0.00233094
284 -0.786971 0.00263335
285 -0.788612 0.00244794
286 -0.784184 0.00298458
287 -0.777496 0.00173102
288 -0.774909 0.001644
289 -0.768808 0.0021827
290 -0.762246 0.00257944
291 -0.754855 0.00333467
292 -0.741904 0.00337351
293 -0.727727 0.0037858
294 -0.70928 0.00376108
295 -0.67756 0.0045117
296 -0.6431 0.0058512
297 -0.602109 0.00518358
298 -0.545671 0.00509307
299 -0.468898 0.0058851
